37 959
0 17
0 16
0 13
18 19
18 25
18 28
18 22
18 23
18 24
0 10
18 20
0 28
0 29
0 26
0 27
0 22
0 23
19 5
19 4
19 3
19 1
19 0
18 36
18 32
18 33
18 34
18 35
0 20
18 30
0 1
0 3
0 35
0 4
0 5
0 36
0 6
0 7
0 34
0 8
0 9
19 9
19 8
0 32
0 30
18 15
18 16
18 17
18 10
18 13
28 22
28 23
28 20
28 21
28 26
28 24
28 25
28 17
28 33
28 34
17 0
28 31
28 32
28 35
17 8
17 7
17 6
17 5
17 4
17 3
28 29
2 19
2 18
2 17
2 16
2 14
2 13
16 19
28 9
16 18
28 8
28 7
16 17
28 6
28 5
28 4
28 2
16 22
16 21
16 20
16 26
16 25
16 24
16 23
2 12
2 10
28 12
2 29
28 10
2 28
2 27
28 16
28 13
2 24
28 14
16 28
16 27
16 33
16 32
16 31
16 35
16 34
2 21
2 20
33 17
33 18
33 15
33 16
33 13
33 14
2 36
33 11
2 35
21 28
21 26
21 25
21 24
21 23
21 22
33 20
2 34
2 33
33 21
2 31
2 30
21 29
15 3
15 2
15 1
15 7
15 6
21 36
21 35
21 34
21 33
21 32
33 10
26 3
26 2
26 1
26 9
26 6
21 14
21 13
21 12
21 11
21 10
31 36
31 35
31 33
4 16
4 19
4 12
4 13
4 14
31 25
13 5
13 4
31 24
13 3
13 2
13 1
31 21
13 0
31 23
31 22
4 26
4 27
4 28
4 29
31 28
13 8
13 6
4 20
4 22
4 24
4 25
31 30
31 14
24 4
31 13
31 16
31 15
24 1
31 12
31 11
31 18
24 9
31 17
24 6
4 30
4 31
4 34
4 35
4 36
35 4
35 3
35 2
35 1
35 0
35 8
35 7
35 6
24 20
24 22
24 23
12 34
9 0
9 3
9 4
9 5
9 8
36 13
24 13
36 12
24 14
24 15
36 11
24 16
36 10
24 17
24 19
11 7
11 6
11 5
11 4
11 3
24 31
11 2
24 32
24 33
11 1
24 34
11 0
11 9
11 8
24 25
24 27
24 28
22 7
22 6
22 4
22 3
22 1
22 0
6 17
12 15
12 14
6 19
12 17
22 9
12 18
22 8
6 11
6 14
12 20
6 13
12 22
6 16
12 21
6 15
33 5
33 4
34 36
33 2
24 10
24 11
33 1
34 35
33 0
12 24
6 29
6 28
12 23
12 26
12 25
12 28
33 9
33 8
12 29
6 21
6 20
6 23
6 22
12 31
12 30
6 24
6 27
6 26
34 29
34 27
34 28
34 25
34 23
34 24
7 4
7 5
7 6
7 8
6 32
7 9
6 31
6 34
6 33
6 36
6 35
22 35
22 33
34 32
34 33
34 31
34 18
34 19
34 16
34 17
34 15
34 12
12 11
12 10
34 21
34 20
20 9
20 8
20 6
20 5
20 4
20 3
20 2
10 32
22 21
22 20
10 34
10 35
22 17
22 16
22 12
22 11
20 1
34 10
34 11
22 19
31 8
31 6
31 5
31 4
31 3
31 2
22 32
22 31
22 30
22 29
22 28
22 27
22 26
22 25
22 24
22 23
31 1
31 0
5 1
5 2
5 3
8 19
5 4
5 7
5 8
5 9
8 12
8 11
8 15
8 18
8 10
8 23
16 11
16 10
8 22
8 25
8 24
8 27
16 14
8 26
16 13
8 29
16 12
8 28
8 20
26 21
26 20
26 23
26 22
26 25
26 24
14 36
8 34
8 33
8 36
8 35
26 17
26 19
8 32
8 31
26 32
26 31
26 36
26 35
26 27
26 29
3 0
3 1
3 2
3 5
3 6
3 7
3 8
3 9
14 18
14 19
14 20
14 23
14 24
14 21
14 22
26 10
26 12
26 11
26 14
26 13
14 27
14 28
14 25
14 26
14 30
14 31
14 34
14 35
36 29
36 28
36 27
36 26
36 25
36 35
24 35
36 34
24 36
36 33
36 32
36 31
36 30
36 19
36 18
36 17
36 16
14 12
14 13
14 10
36 23
36 22
36 21
29 34
30 23
29 35
1 0
29 32
30 25
30 26
1 2
1 3
1 4
30 20
30 21
1 5
29 36
30 22
1 6
1 7
1 8
1 9
30 27
30 28
30 29
30 13
30 14
30 15
30 10
30 11
30 17
30 18
30 19
29 10
29 16
29 17
29 14
29 15
17 29
17 28
17 34
17 33
17 32
17 31
17 35
17 30
29 23
18 0
1 18
29 22
1 17
29 27
1 14
29 28
1 15
29 25
1 12
1 13
29 26
18 8
18 7
18 4
18 3
18 2
18 1
1 10
1 11
29 18
29 19
29 0
1 29
1 27
1 25
1 26
1 23
1 24
29 8
29 7
29 6
29 5
29 4
29 2
29 1
17 12
17 11
17 16
17 15
17 13
1 21
1 22
1 20
1 36
1 34
1 35
17 19
17 23
17 20
17 26
17 25
29 9
1 33
27 32
27 30
27 31
27 36
27 34
16 2
16 1
16 0
16 6
16 5
16 3
10 18
27 1
27 7
10 13
10 14
27 6
10 15
27 4
27 3
10 17
10 20
10 29
32 36
3 18
3 17
32 33
3 16
3 14
32 34
22 10
10 21
10 22
10 23
10 24
10 25
10 26
3 13
3 10
32 26
32 25
32 28
32 27
32 22
32 21
3 27
3 26
32 24
32 23
20 35
20 36
20 33
20 31
20 32
3 24
3 23
3 22
3 21
32 15
14 4
14 3
14 2
14 1
14 0
32 10
32 13
32 12
3 36
32 19
14 8
32 18
14 7
14 6
14 5
3 35
3 34
32 20
3 33
3 32
3 30
25 4
25 3
25 1
25 0
25 9
25 8
25 7
25 6
25 5
20 13
20 14
20 11
19 33
20 12
19 34
19 35
20 10
19 36
19 30
19 31
20 19
20 17
20 18
36 4
36 2
36 1
36 0
20 30
36 9
36 8
36 7
36 6
36 5
20 26
20 27
20 24
20 23
20 21
20 28
20 29
19 16
19 18
19 12
19 13
19 14
19 10
30 34
12 6
30 35
12 4
12 3
12 2
30 31
12 1
30 32
5 17
5 18
5 19
12 8
12 7
19 26
19 27
5 10
19 28
19 29
5 11
5 12
19 22
5 14
19 24
19 25
19 20
19 21
23 6
23 4
23 2
23 1
23 0
5 27
5 28
5 29
23 8
5 22
13 11
5 23
5 24
5 25
34 6
34 4
35 29
35 28
34 3
34 2
35 26
35 25
34 0
35 24
13 15
13 16
13 14
13 19
34 9
34 8
5 30
5 33
13 22
5 34
13 23
13 20
35 34
35 32
35 31
35 30
35 19
35 17
35 16
23 31
23 32
35 13
23 33
8 1
8 2
8 4
8 5
8 6
8 9
35 23
35 22
35 21
23 25
23 27
23 28
23 29
10 7
10 8
10 3
10 4
23 34
35 12
35 11
21 8
21 7
21 6
21 5
21 4
21 3
23 10
21 2
21 1
23 11
11 23
11 22
11 25
11 24
11 29
11 28
21 9
11 30
11 32
21 0
32 7
32 6
32 5
32 4
32 2
32 1
11 34
11 36
32 9
7 10
7 13
7 12
7 15
7 17
7 16
32 0
23 12
23 13
23 14
23 16
23 17
23 19
33 35
33 36
6 0
33 34
6 1
6 2
6 3
7 29
6 5
6 7
6 8
6 9
7 22
7 24
7 23
7 26
7 25
11 10
7 27
7 20
33 28
11 19
33 29
33 26
33 27
33 24
11 14
11 16
11 15
11 18
11 17
7 33
7 32
7 34
33 32
7 31
7 30
27 10
27 14
27 15
27 12
27 13
15 29
15 27
15 26
15 31
15 30
15 36
15 34
15 33
30 9
30 8
30 7
27 25
27 26
30 5
30 4
27 24
30 3
27 18
30 2
27 19
27 16
30 0
27 17
4 0
4 3
4 5
4 6
4 7
4 8
4 9
15 12
15 11
15 18
15 17
15 16
15 19
9 14
9 15
9 12
9 13
15 24
15 23
15 22
9 17
9 10
9 11
25 31
25 33
25 32
25 34
9 26
9 23
9 24
9 29
9 27
9 28
25 28
9 21
9 22
9 36
9 35
9 33
9 30
9 31
2 0
2 1
25 11
25 10
2 3
2 4
25 12
2 5
13 26
13 27
2 7
2 8
13 24
2 9
13 25
13 28
13 30
13 33
25 22
25 23
25 15
25 14
25 17
25 16
25 19
25 18
