29 445
0 17
0 18
1 2
0 13
0 11
0 12
0 19
18 25
18 27
18 28
18 22
18 20
0 26
0 24
0 25
0 22
0 23
19 6
19 5
19 4
19 1
19 0
0 20
0 2
0 3
0 8
0 9
17 28
19 9
19 8
18 0
1 19
1 14
18 6
18 3
18 2
18 1
18 16
18 17
18 12
18 13
1 10
1 11
28 22
28 20
1 27
28 21
1 28
28 24
1 23
1 24
17 15
28 19
1 22
28 17
17 1
17 0
17 8
17 18
17 5
17 3
17 2
17 23
17 22
17 26
17 24
28 1
2 19
28 0
2 18
2 16
2 15
2 14
2 13
16 19
16 17
28 5
28 2
16 20
16 26
16 25
2 12
2 11
27 28
28 11
16 1
2 28
28 10
28 15
28 13
2 24
16 28
16 7
16 27
2 21
10 18
27 1
10 19
27 0
10 11
27 8
27 7
27 6
10 14
10 17
27 3
21 27
21 26
21 25
21 22
15 2
3 19
3 17
3 16
3 15
10 21
10 22
15 9
10 24
15 8
15 7
10 27
10 28
3 12
26 3
26 2
26 1
26 0
3 28
3 27
26 9
26 8
26 7
26 5
26 4
3 24
3 23
3 22
3 21
3 20
14 4
14 2
14 1
14 0
14 9
14 8
14 7
14 6
21 16
21 15
21 14
21 12
21 10
21 18
25 2
25 0
4 18
25 5
20 13
20 14
4 11
20 11
4 13
4 14
20 10
20 19
20 17
20 18
13 5
13 2
4 26
4 27
4 28
13 9
13 7
20 26
20 27
20 24
4 20
20 25
4 21
20 23
20 21
4 25
20 28
24 5
24 4
24 2
24 0
24 9
19 16
19 17
19 18
19 11
19 12
19 10
12 6
12 5
12 4
12 2
12 1
12 0
5 16
5 18
5 19
12 9
12 8
12 7
19 27
5 10
19 28
5 11
5 12
19 22
19 23
5 13
5 14
5 15
19 20
19 21
23 5
23 3
24 20
24 21
24 22
24 23
5 27
5 28
9 3
9 4
23 8
9 5
9 6
5 20
5 22
13 12
5 25
13 10
5 26
24 13
24 15
24 16
24 17
11 5
11 3
11 2
11 1
11 0
13 16
13 14
13 19
13 17
13 18
13 21
24 25
24 26
24 27
24 28
22 6
22 5
22 3
22 1
22 0
8 1
6 17
8 2
6 19
8 3
22 9
12 19
8 6
22 8
8 7
12 18
6 10
8 9
6 12
6 14
12 20
6 13
6 16
12 22
23 24
23 26
23 27
10 7
10 8
10 6
24 10
10 1
10 2
12 23
6 28
12 25
6 21
6 24
6 27
6 26
10 0
21 7
21 4
21 3
23 10
23 11
7 0
21 1
7 1
11 23
7 2
11 22
11 25
11 24
7 6
11 26
21 9
11 28
21 0
23 20
7 19
7 11
7 13
23 12
23 16
23 17
23 18
20 8
20 7
6 2
22 21
22 20
6 3
6 4
6 5
7 22
7 21
7 24
22 16
7 23
7 26
22 13
11 12
11 13
11 15
22 26
22 25
22 24
22 23
27 10
27 11
27 14
27 15
5 1
5 2
5 3
8 19
5 4
15 27
15 26
5 6
5 7
5 9
8 12
8 11
8 14
8 13
8 18
8 17
8 10
27 21
27 22
27 23
16 11
8 23
16 10
8 27
16 14
16 13
8 21
26 20
4 0
26 22
4 2
4 3
4 5
4 6
4 7
4 8
15 10
15 13
15 11
26 16
26 15
26 18
15 18
15 17
15 19
15 21
9 14
15 20
9 15
9 12
9 13
15 25
9 18
9 17
15 22
9 11
3 0
14 16
14 17
3 8
3 9
14 18
9 25
9 23
14 24
9 27
14 21
25 28
25 27
26 10
26 11
26 14
26 13
14 27
14 28
14 25
2 0
2 1
2 3
2 4
2 5
25 12
2 6
2 7
13 24
13 25
13 28
25 22
25 21
25 23
14 13
14 11
25 15
25 17
