866 1499
734 287
514 769
296 238
717 23
121 352
701 570
197 620
596 192
701 574
569 12
536 826
216 416
377 470
175 329
278 862
409 760
733 232
352 519
594 339
184 370
207 852
254 717
579 147
393 484
482 242
410 657
11 707
331 256
77 597
766 183
495 505
690 543
167 334
809 14
814 473
214 821
749 142
666 769
850 704
536 817
523 577
36 427
202 582
295 652
351 43
425 530
59 759
499 179
351 48
739 772
336 743
697 863
584 511
567 96
249 590
499 38
199 255
377 450
763 511
30 120
508 398
715 419
183 776
114 177
443 581
264 119
99 633
118 605
845 139
208 690
502 285
289 290
571 221
863 167
210 104
666 787
226 490
836 519
166 526
771 323
588 179
700 552
798 58
419 167
623 63
287 453
473 470
28 23
15 111
554 232
772 143
530 323
786 445
820 672
361 522
379 281
596 391
0 361
91 551
307 222
579 340
727 286
674 572
649 770
92 355
730 865
135 699
62 453
765 587
804 423
286 839
6 279
385 269
62 444
495 786
709 218
532 105
82 757
410 222
859 226
451 310
813 641
112 336
404 238
98 650
578 539
473 698
512 723
470 825
475 243
23 181
557 54
764 564
65 729
473 691
346 590
292 838
635 419
692 123
692 125
602 501
69 383
78 102
618 419
119 846
543 806
218 247
819 566
330 432
854 38
378 690
266 5
795 668
77 44
279 265
690 529
726 478
692 359
487 744
509 373
397 62
130 349
411 279
329 340
307 457
264 159
835 526
288 685
176 774
757 312
179 846
805 482
378 225
46 450
293 56
76 738
196 600
85 116
236 72
202 327
733 261
134 211
183 167
758 356
660 637
212 367
75 119
626 475
182 360
855 114
61 42
764 94
777 200
510 226
661 679
575 769
849 649
744 289
483 435
549 486
525 334
798 250
769 446
295 825
330 854
557 249
419 548
580 426
697 472
20 353
146 480
281 536
822 59
346 768
671 277
504 745
654 470
313 268
856 161
661 428
74 566
96 628
392 812
110 780
211 325
704 835
273 32
443 194
529 254
446 644
556 466
182 581
197 442
771 163
214 97
466 850
399 38
534 153
633 644
447 687
98 444
5 230
175 390
582 758
398 323
853 751
498 314
134 485
41 91
306 295
694 822
742 477
625 657
373 403
682 350
510 435
326 521
33 376
558 295
506 391
7 210
55 675
159 732
432 342
24 837
167 528
834 338
339 814
249 172
524 733
194 618
20 143
219 676
640 426
506 324
634 437
48 0
721 144
781 504
393 9
663 485
755 108
41 75
606 303
35 495
510 429
282 128
412 222
20 388
52 858
856 34
267 610
205 121
187 812
319 525
174 318
75 568
368 624
462 131
560 632
582 772
811 859
327 138
445 608
61 487
604 522
677 565
469 779
126 486
381 401
771 194
569 752
543 53
753 500
60 692
608 394
107 171
360 786
35 266
653 642
625 65
707 22
482 670
847 851
24 859
147 691
261 491
611 783
580 613
405 214
519 641
305 442
76 341
498 362
719 29
549 460
670 34
131 538
148 495
289 416
97 672
280 536
441 393
124 639
233 492
446 610
67 722
139 744
527 219
47 415
848 646
88 824
528 242
657 81
476 216
433 331
63 298
724 809
432 546
453 642
434 130
510 636
254 585
596 758
369 205
276 124
181 23
196 444
609 0
842 135
850 495
639 695
610 288
204 400
400 377
26 487
245 352
576 174
851 293
564 8
173 160
381 220
548 609
187 335
804 191
430 546
149 59
430 540
273 808
782 503
9 675
856 792
696 290
325 665
142 184
516 705
266 847
617 161
744 93
846 702
8 625
798 541
429 798
27 286
444 728
148 469
509 639
713 329
64 202
640 486
1 501
349 681
139 37
862 18
766 651
195 675
263 72
566 421
475 855
638 664
614 511
706 379
243 767
162 57
101 595
784 579
670 536
58 172
517 23
847 779
817 351
637 864
253 37
452 641
231 28
86 512
839 420
222 282
664 265
729 103
776 109
623 652
836 193
734 36
230 385
307 810
141 399
366 298
324 414
841 556
282 713
133 213
252 672
475 620
10 440
185 513
264 804
117 28
310 249
139 236
690 58
807 641
173 115
527 94
458 38
616 93
213 361
588 789
42 329
720 454
536 227
359 9
250 612
138 660
856 750
218 73
810 427
118 378
436 826
164 267
630 307
482 705
556 515
775 364
322 835
407 210
671 355
680 698
378 800
485 141
730 179
446 33
834 189
797 701
447 354
468 57
364 832
364 830
24 453
605 838
742 789
760 340
752 661
661 614
219 813
71 68
616 65
614 556
818 191
743 343
339 435
843 599
338 637
713 764
471 177
374 357
355 523
617 182
677 72
556 771
535 677
788 742
526 498
19 366
56 554
679 228
159 78
733 827
178 250
278 476
843 340
453 482
532 809
445 548
791 438
243 730
122 642
243 35
221 24
304 147
386 729
734 619
125 95
759 719
788 771
301 128
263 241
620 609
471 305
223 459
522 9
292 19
738 225
370 531
54 81
666 251
490 863
449 830
68 288
391 459
645 572
156 526
51 679
156 528
857 510
736 79
156 763
223 205
435 662
43 335
341 59
176 25
533 8
307 673
141 540
496 263
638 235
719 146
138 211
805 382
544 555
138 691
503 387
864 826
352 485
323 208
700 705
831 342
365 283
308 690
514 702
575 192
663 629
34 622
408 429
709 666
615 720
702 790
760 392
57 532
93 666
859 711
701 758
588 566
722 203
343 771
748 28
138 243
45 191
256 704
726 38
299 707
287 166
242 572
410 82
709 434
393 426
501 76
702 540
573 333
764 417
314 713
563 401
617 784
638 259
338 680
582 94
702 74
179 405
521 207
691 400
829 721
79 843
194 490
789 105
587 530
132 819
603 599
186 78
178 602
62 860
109 425
194 255
391 424
495 254
172 392
77 840
444 137
628 78
164 434
435 611
718 124
539 284
136 666
342 553
757 744
230 173
803 111
237 670
437 228
564 638
442 760
87 574
205 800
389 166
492 435
791 624
145 192
420 53
113 725
651 240
492 694
71 309
450 477
240 726
292 428
803 342
688 379
720 604
265 211
503 183
844 756
265 693
736 821
492 685
618 163
57 723
16 795
802 793
784 702
257 51
192 683
1 781
645 580
643 532
115 588
538 699
214 512
772 569
853 280
351 262
65 201
707 813
644 576
562 804
787 547
821 851
209 685
501 564
500 530
608 36
687 38
503 57
472 117
679 629
636 629
546 163
418 163
466 490
437 678
809 863
617 582
309 441
852 20
852 241
570 753
107 631
700 98
622 427
38 231
11 818
794 522
286 509
861 465
435 253
201 45
350 60
1 3
265 493
814 367
710 258
110 826
45 337
133 30
279 315
526 9
587 260
617 715
166 637
553 748
689 762
269 709
239 643
529 511
562 780
427 245
217 572
427 241
157 607
432 609
661 150
327 610
628 130
725 377
699 146
595 258
701 206
129 392
789 169
458 129
370 240
731 730
519 99
174 407
473 773
692 260
223 510
237 819
781 245
489 480
772 488
408 827
442 421
675 208
675 444
88 24
693 74
859 311
429 89
612 666
785 749
757 245
777 708
127 511
224 795
313 754
594 438
807 385
695 18
642 763
741 338
440 616
254 815
293 711
529 537
440 856
475 177
50 707
482 383
665 628
240 744
786 799
612 57
842 2
738 78
385 0
472 712
450 652
86 78
305 535
806 89
315 350
711 282
845 255
319 615
815 133
748 453
442 59
203 16
455 717
44 546
635 756
279 596
563 315
322 387
278 706
578 427
697 723
762 651
238 404
377 792
578 661
612 644
165 631
652 312
853 43
12 421
68 488
384 346
159 644
564 110
366 514
679 8
253 840
699 185
113 442
465 502
208 115
483 196
182 666
512 20
345 651
307 114
757 456
800 486
238 636
731 5
378 125
404 598
603 213
603 693
645 187
861 240
799 0
834 838
513 665
640 724
82 603
606 286
717 181
803 772
13 443
238 665
82 600
110 849
860 477
196 719
29 560
130 221
20 689
771 86
287 527
731 323
165 413
827 807
689 789
578 68
325 817
531 229
156 8
738 30
242 375
134 560
770 685
658 234
714 781
297 196
184 235
799 65
281 283
418 207
674 684
429 52
763 669
68 235
488 667
129 375
593 818
314 185
570 151
333 398
634 114
507 44
465 710
854 429
583 645
364 60
406 393
518 706
598 513
744 165
860 813
644 74
427 416
46 789
834 655
147 142
374 532
40 223
253 645
446 510
319 433
763 490
145 791
20 473
785 577
106 210
796 302
97 784
734 791
705 758
5 366
135 387
347 446
441 260
715 128
248 297
5 120
104 254
83 454
134 592
231 796
4 315
329 270
212 229
383 569
296 737
82 403
377 173
260 83
835 436
244 607
84 70
426 865
42 66
714 337
451 860
639 830
540 660
721 24
668 63
245 648
684 217
562 184
32 16
684 215
69 638
714 581
201 601
10 603
218 317
104 489
54 520
827 217
504 600
80 813
84 61
440 683
20 498
685 253
484 58
410 726
83 209
181 411
257 296
81 667
28 177
582 647
715 155
820 152
360 442
578 261
660 557
275 211
253 438
554 510
54 576
25 765
614 68
180 60
413 385
602 803
347 654
449 599
475 510
62 175
577 692
52 20
570 184
615 299
253 442
478 189
560 513
448 303
269 594
461 200
498 697
35 380
563 141
61 120
585 293
433 673
483 343
737 182
260 116
583 697
862 475
180 437
29 390
847 704
127 166
333 331
707 137
814 389
327 464
857 262
547 537
753 831
132 226
811 763
219 539
549 583
74 613
655 343
230 503
41 292
230 501
196 317
581 773
36 199
34 497
828 453
47 774
47 532
77 259
333 585
809 186
56 397
383 382
483 365
549 110
354 458
33 694
768 715
858 292
89 731
531 855
769 519
635 144
590 383
375 557
797 767
413 393
597 793
597 44
86 602
281 807
164 354
609 153
493 321
482 62
88 697
694 557
349 580
242 824
370 802
307 705
629 606
511 793
80 301
770 19
629 849
642 52
671 450
536 147
392 22
311 126
187 695
243 622
725 809
222 364
116 204
116 687
713 465
317 677
832 642
560 279
34 352
713 458
56 419
400 485
357 24
565 536
775 206
206 128
293 398
132 792
437 770
242 835
364 762
180 120
390 91
165 394
33 554
831 839
371 837
657 183
542 640
645 614
525 601
57 87
379 759
332 738
140 460
743 654
181 395
27 164
261 599
542 643
261 113
631 662
624 326
817 234
535 365
825 110
823 742
364 758
183 71
7 727
230 66
812 179
468 541
172 495
124 544
397 152
810 121
195 317
851 199
476 306
552 361
703 639
776 696
638 540
447 70
477 585
367 76
335 139
625 121
186 681
317 690
468 309
430 640
616 481
115 412
790 719
810 116
229 68
694 785
494 341
212 617
387 435
123 759
218 716
123 517
455 393
236 586
197 161
502 845
149 127
469 595
706 246
767 563
317 220
484 645
553 154
670 421
607 577
204 721
332 32
285 221
1 840
414 474
812 399
188 222
769 361
242 75
370 844
121 716
827 145
11 173
591 566
389 449
499 423
74 236
187 651
445 219
801 229
133 563
168 605
615 468
260 749
16 846
429 469
527 384
395 551
631 212
843 254
303 682
293 199
469 54
704 474
428 644
735 318
281 856
608 553
95 315
435 25
168 612
841 658
118 263
260 514
226 631
23 12
743 697
177 790
18 228
104 298
589 695
299 229
850 595
266 21
638 748
802 72
95 106
851 394
426 820
74 698
370 52
292 166
737 595
737 353
430 687
589 219
302 664
69 830
848 47
718 419
681 589
124 118
431 469
374 474
457 52
719 440
467 796
755 158
106 551
277 552
348 506
186 863
156 222
394 300
108 159
63 578
356 200
111 199
582 162
518 26
388 432
122 527
3 430
484 445
162 582
568 586
306 743
604 293
39 103
308 597
821 717
747 268
719 253
759 830
321 131
16 483
693 344
176 524
453 377
315 666
222 24
780 179
90 40
137 308
471 430
51 557
467 570
571 641
522 377
616 612
209 518
70 662
105 507
616 852
444 447
329 54
184 657
644 860
52 148
394 59
250 304
442 854
492 367
101 284
250 543
339 582
391 584
209 766
379 586
338 313
360 41
280 180
242 208
732 496
772 404
645 422
80 368
184 666
233 716
222 547
665 1
87 276
306 728
784 855
237 776
434 742
721 532
766 360
847 487
430 482
39 357
163 94
307 22
365 150
565 357
839 148
109 540
452 123
485 834
630 22
359 61
770 807
716 626
409 358
679 543
684 82
192 786
293 13
746 460
253 192
165 35
170 249
579 310
687 641
609 324
244 295
86 647
853 148
223 135
688 242
772 661
571 432
471 469
270 635
401 499
186 213
193 371
158 207
385 438
837 305
24 152
171 474
243 420
564 759
329 419
8 713
398 817
185 76
765 743
687 436
122 359
306 702
393 560
479 537
159 247
535 706
250 354
545 263
392 582
723 786
127 846
245 262
558 635
15 642
234 31
163 756
830 680
257 435
630 270
585 840
163 753
337 599
349 94
752 598
265 579
412 804
737 517
864 733
643 416
383 809
424 385
420 727
651 576
373 285
217 280
719 270
69 32
693 563
343 698
687 694
87 478
750 535
263 537
771 631
420 729
615 404
128 92
529 614
387 470
542 632
244 482
688 472
809 504
336 536
794 573
395 191
508 500
320 500
308 763
92 306
420 736
201 245
502 487
718 498
558 419
337 93
538 16
200 692
257 414
421 51
161 700
723 78
