29 550
0 17
0 15
1 2
0 13
1 3
1 4
0 14
0 11
1 5
1 6
1 9
18 25
18 26
18 28
18 21
18 23
0 28
0 26
0 22
0 23
19 6
19 3
19 1
19 0
0 1
0 3
0 5
0 9
17 28
19 9
19 8
1 18
1 16
1 17
1 15
18 7
18 6
18 5
18 4
18 3
18 2
18 14
18 16
18 17
18 11
1 10
1 11
28 22
28 23
28 20
1 27
1 28
1 25
1 26
28 27
28 25
1 24
17 12
17 11
17 10
17 16
17 14
28 19
1 22
28 17
28 18
1 20
17 1
17 0
17 9
17 8
17 19
17 5
17 4
17 2
17 23
17 22
17 21
17 27
17 26
17 25
17 24
28 1
28 0
2 19
2 18
2 17
2 16
2 15
2 14
28 9
28 7
28 3
28 2
16 22
16 21
16 24
16 23
2 12
2 10
27 28
28 11
28 12
16 1
16 0
2 28
28 10
2 27
2 26
28 13
2 25
28 14
16 9
16 28
16 27
16 7
16 6
16 5
16 4
16 3
2 22
2 21
27 2
10 18
10 19
27 9
10 11
10 12
27 8
27 7
10 13
10 14
27 6
27 5
10 15
27 4
10 17
27 3
21 28
21 27
21 26
21 25
21 23
21 22
15 2
3 19
15 1
15 0
3 17
3 16
3 15
22 10
10 21
10 22
10 23
10 24
15 8
15 7
15 4
3 12
3 11
3 10
26 1
26 0
3 28
3 27
3 26
3 25
26 9
26 8
26 7
26 6
26 4
3 23
3 22
14 3
14 2
14 9
14 8
14 7
14 6
21 17
21 16
21 14
21 12
21 11
21 10
21 18
25 4
25 3
25 2
25 0
4 16
4 17
25 9
4 19
25 8
25 7
20 16
20 13
20 14
4 10
4 11
20 11
4 13
4 14
20 10
20 19
20 17
20 18
13 5
13 4
13 2
13 1
13 0
4 26
4 28
13 8
13 6
20 26
20 27
20 24
4 21
20 22
4 23
4 24
20 21
4 25
24 5
24 2
24 1
24 8
24 7
24 6
19 16
19 17
19 12
19 10
12 6
12 5
12 4
12 2
12 1
12 0
5 16
5 17
5 18
5 19
12 9
12 8
12 7
19 27
5 10
19 28
5 11
5 13
19 23
19 24
5 14
5 15
19 25
19 21
23 6
23 5
23 4
23 3
24 20
24 21
23 1
24 22
24 23
9 0
9 1
9 2
9 3
9 4
9 5
9 6
23 7
9 7
5 20
9 8
5 21
5 22
13 11
5 23
5 24
13 12
5 25
5 26
24 13
24 14
24 15
24 16
24 17
24 18
11 7
11 2
11 0
13 15
13 16
13 14
13 19
11 9
13 18
13 22
13 20
24 25
24 26
22 7
22 4
22 2
22 0
6 18
12 13
8 0
6 17
8 2
6 19
8 3
12 14
12 17
8 5
22 9
8 6
12 18
8 7
6 10
6 12
6 11
12 20
6 13
12 22
6 16
6 15
23 24
23 25
23 28
10 7
10 8
10 5
10 6
10 3
10 4
24 11
10 2
12 24
6 28
12 23
12 26
12 25
12 28
12 27
10 9
6 21
6 20
6 22
6 25
6 27
6 26
10 0
21 8
21 7
21 3
21 2
21 1
7 0
11 23
11 22
7 2
11 25
11 24
7 4
11 27
7 6
21 9
11 28
7 9
21 0
23 20
23 21
23 22
7 11
7 15
7 14
12 11
7 17
7 16
23 13
23 17
23 19
20 7
20 6
20 5
20 4
20 3
6 1
20 2
22 20
6 8
6 9
22 18
7 21
7 24
7 23
22 14
7 26
7 25
22 13
7 28
22 12
22 11
20 1
20 0
7 20
11 19
11 12
11 13
11 15
11 18
11 17
22 28
22 26
22 24
11 21
11 20
27 10
27 14
5 0
27 15
5 1
27 12
5 3
5 4
15 28
15 27
5 6
15 26
5 7
5 8
5 9
8 12
8 11
8 16
8 18
8 17
8 10
27 22
27 25
27 26
27 23
27 24
8 23
16 10
8 22
16 15
8 26
16 14
16 13
8 28
27 18
27 19
27 16
27 17
8 21
8 20
26 21
26 23
4 0
4 1
26 25
4 2
26 24
4 6
4 7
4 8
15 10
15 14
15 13
15 12
15 11
26 16
26 15
26 18
26 17
26 19
15 17
15 16
15 19
9 14
9 15
9 13
9 19
15 24
9 16
15 23
26 27
3 0
3 1
3 2
3 4
3 5
14 16
14 17
3 7
14 15
3 8
14 19
9 26
14 20
9 23
14 24
14 21
9 27
14 22
9 28
25 28
25 27
9 21
9 22
9 20
26 10
26 14
26 13
14 27
14 28
14 26
2 0
25 11
2 3
25 10
25 12
2 6
13 27
2 8
2 9
13 25
13 28
25 22
25 21
25 23
14 12
14 13
14 10
25 15
25 14
25 17
25 16
25 19
25 18
