560 2374
51 85
21 544
427 379
250 262
87 34
104 553
249 376
444 175
241 214
174 518
178 54
511 24
257 126
449 430
192 137
531 325
412 269
419 135
465 48
336 529
45 204
449 426
217 458
362 381
268 99
465 424
305 434
498 130
128 230
158 510
377 482
500 235
394 295
354 116
525 162
5 405
352 526
95 192
297 1
92 324
363 170
399 547
363 154
465 411
338 35
403 247
282 154
373 3
554 217
368 456
305 402
22 371
511 43
369 253
44 439
426 104
453 72
497 357
331 293
315 249
508 395
32 173
369 257
75 64
363 49
288 248
62 467
502 285
363 147
279 228
344 319
225 213
491 272
109 27
290 384
129 96
129 98
115 168
83 311
437 184
294 424
533 379
26 88
67 317
280 124
54 299
191 363
295 226
233 413
182 318
280 118
83 318
354 163
345 528
225 277
361 536
338 186
539 430
234 211
535 43
289 467
549 298
111 530
84 101
66 503
402 444
210 174
399 108
239 550
385 271
202 304
185 138
242 487
28 430
53 472
159 309
291 152
419 116
516 151
243 293
362 301
297 299
127 431
114 379
273 106
198 84
524 317
31 334
53 479
181 500
488 312
53 485
387 39
460 160
51 415
524 305
314 477
345 552
248 510
313 204
367 215
482 294
129 499
426 150
525 104
293 57
510 475
68 115
153 284
162 229
457 279
303 414
473 67
532 537
82 548
13 388
183 17
375 464
275 141
477 285
172 501
304 210
428 15
83 357
319 326
92 398
46 427
296 404
231 467
51 11
104 141
404 437
227 222
56 252
416 47
103 354
125 415
510 455
84 144
174 123
494 510
483 428
518 47
257 198
79 143
432 320
99 248
177 352
543 161
349 161
145 409
303 435
497 15
299 266
497 16
541 111
454 405
8 253
360 383
327 542
360 381
127 478
5 476
135 278
273 548
485 37
79 158
248 141
122 71
499 366
283 344
500 294
500 292
33 373
106 112
507 180
474 423
110 83
56 237
8 245
7 450
83 91
302 16
428 103
107 395
40 327
103 338
304 222
484 244
432 344
436 80
310 406
21 188
309 97
4 17
476 448
210 554
7 462
60 441
281 332
322 62
146 20
313 294
167 538
169 128
533 305
212 151
214 187
306 277
436 73
519 410
383 277
513 354
535 374
128 274
327 133
356 185
375 412
134 58
63 36
168 334
412 219
325 509
177 397
153 202
106 142
40 373
114 12
147 452
98 483
310 424
380 11
234 284
31 18
442 188
113 174
164 6
90 282
549 222
203 532
548 426
481 407
174 535
335 293
378 295
527 201
247 312
435 164
40 365
34 132
419 528
83 366
507 141
6 215
83 363
355 361
312 482
506 358
176 142
158 25
483 495
476 457
383 261
133 135
60 430
405 208
277 162
61 225
531 68
447 410
531 64
46 7
545 196
310 449
91 192
65 225
137 77
163 427
415 111
125 489
544 384
163 423
331 96
511 201
299 319
115 514
374 132
253 484
493 65
150 58
415 129
436 32
260 441
513 277
513 278
544 393
43 170
4 170
304 162
486 373
148 226
512 488
320 293
356 544
400 350
320 275
162 50
398 275
188 362
253 454
289 20
527 34
476 426
318 134
118 395
290 17
542 316
541 501
503 99
478 485
400 59
452 407
551 9
526 450
17 339
113 74
301 311
559 99
33 413
539 27
448 31
194 94
179 487
541 509
34 44
477 218
267 423
400 53
422 7
185 513
493 37
505 123
283 338
277 57
380 459
139 232
493 34
96 493
174 165
4 134
22 40
375 394
43 126
154 540
502 318
551 411
283 342
221 18
414 369
444 525
194 229
19 381
340 319
10 65
214 103
343 36
174 173
455 296
262 467
464 277
409 296
318 98
259 501
302 533
557 555
9 465
18 548
297 82
150 29
137 56
343 26
17 300
271 184
10 35
556 305
409 268
251 447
278 488
428 554
10 41
221 270
60 389
7 404
318 69
5 392
424 31
538 296
278 489
391 496
526 491
94 415
150 37
277 28
19 362
431 108
400 389
2 511
391 80
316 500
536 232
101 305
381 276
11 281
105 24
484 327
483 524
456 93
71 73
301 368
523 99
493 289
186 376
468 243
78 444
295 275
463 427
301 365
424 446
446 187
453 254
2 170
371 42
511 280
559 539
444 64
294 470
224 499
371 327
362 409
54 83
186 92
285 311
508 403
123 498
320 203
344 371
78 436
208 91
456 39
530 118
271 128
105 86
300 544
371 30
143 371
352 489
334 402
244 155
70 307
235 454
109 433
306 43
518 124
370 509
252 296
285 327
130 62
394 213
180 296
18 190
149 414
64 1
508 431
535 408
216 151
252 289
521 451
559 519
495 240
501 521
70 315
523 87
473 120
424 471
495 247
184 315
423 290
24 486
467 478
30 193
450 263
358 510
308 203
430 356
365 264
263 203
57 545
73 193
70 327
138 470
403 145
409 205
415 558
289 43
500 301
185 528
22 435
537 437
337 248
278 429
287 344
162 74
272 373
265 447
172 142
215 305
301 335
51 477
215 304
444 125
391 417
489 151
537 446
46 85
367 279
351 245
233 63
95 274
423 260
400 35
417 156
559 107
185 534
117 152
117 88
518 168
137 245
488 66
72 365
450 221
50 224
71 554
517 354
171 372
552 293
288 183
515 40
445 391
416 333
309 444
371 95
273 186
459 331
446 177
415 541
443 317
309 440
309 441
494 498
30 154
530 140
163 418
159 378
66 487
466 5
121 48
274 296
546 313
250 381
314 108
248 209
167 444
545 512
314 103
30 227
76 443
315 383
509 71
281 254
256 443
144 331
524 485
77 235
482 347
500 359
176 241
329 206
76 431
451 234
248 217
466 108
167 429
121 26
308 176
92 217
31 496
157 20
245 88
167 422
190 419
237 11
39 64
157 29
265 264
352 416
200 408
405 77
442 68
128 378
539 334
418 240
158 414
20 416
491 392
359 309
297 386
56 191
44 543
145 100
130 475
522 82
377 550
15 237
481 107
539 327
332 146
481 109
153 89
406 195
472 3
358 501
232 508
153 179
165 52
291 285
225 46
62 326
37 149
530 439
235 378
313 345
450 94
14 447
404 115
308 148
540 298
239 435
480 328
514 229
495 435
417 426
1 46
160 513
332 171
170 160
548 382
430 44
456 329
430 49
313 318
330 550
466 534
202 456
274 265
510 121
223 540
70 364
167 479
331 351
377 542
120 261
496 250
146 378
241 348
146 373
32 263
66 403
129 132
533 219
75 237
548 321
486 23
84 48
250 58
247 480
433 243
437 99
355 210
329 299
553 105
528 317
219 117
429 269
297 318
514 244
530 66
1 61
499 464
92 275
98 348
75 245
274 19
448 343
194 35
13 256
103 234
342 191
178 268
558 397
89 558
313 380
182 53
182 52
447 556
402 8
40 468
554 22
335 41
319 461
364 89
174 220
173 412
13 240
170 72
289 336
542 278
98 329
74 411
46 527
361 274
48 137
103 207
96 47
341 369
341 368
354 420
205 29
313 353
376 386
106 473
60 359
212 216
105 280
373 520
553 559
440 203
449 166
385 175
406 168
412 555
162 143
274 215
196 522
382 303
236 199
282 490
106 480
455 103
98 385
310 522
368 515
106 485
476 328
457 192
188 503
63 143
268 549
9 191
60 324
132 493
28 164
376 366
175 474
310 512
130 409
376 369
110 217
176 285
506 456
348 207
540 216
520 384
148 384
490 139
107 299
507 249
388 64
18 503
40 498
198 170
304 559
463 286
126 359
519 522
133 273
60 305
355 231
425 84
440 253
432 416
62 397
12 488
408 186
369 337
84 292
433 213
482 322
376 341
377 149
542 65
160 104
383 135
63 178
340 134
405 320
268 539
557 170
84 289
41 282
197 360
547 520
240 154
39 92
62 387
334 149
90 398
117 493
416 286
161 61
527 105
325 552
334 1
117 491
309 312
88 219
275 535
445 419
180 351
469 81
526 85
253 118
50 121
230 493
318 237
544 262
47 15
401 58
161 68
436 507
416 276
414 205
455 139
254 23
157 293
1 415
333 326
528 384
559 261
173 37
109 360
229 224
415 485
260 557
49 349
11 82
312 192
469 334
206 129
365 324
217 74
270 294
79 97
414 207
308 504
421 510
81 357
117 473
455 167
95 546
476 302
95 543
118 270
95 541
106 506
4 280
103 287
118 273
92 83
460 502
274 81
75 291
484 410
311 385
252 327
88 222
206 101
416 254
164 128
379 58
59 39
123 510
109 380
147 521
266 502
526 77
106 514
132 535
318 268
302 472
520 363
366 183
118 284
103 294
341 419
3 475
243 416
148 327
179 120
551 11
252 314
527 134
367 82
228 479
379 87
48 509
7 508
254 58
556 401
124 361
189 264
482 29
157 237
60 289
149 112
335 354
388 402
344 291
90 347
445 76
391 397
323 516
253 169
469 53
428 403
124 373
174 292
106 533
26 177
90 330
286 67
318 202
229 91
149 105
462 529
338 504
40 429
209 14
518 214
5 72
298 46
18 428
254 39
307 53
136 82
228 451
325 139
124 346
231 239
34 305
26 145
266 556
299 460
494 544
278 364
428 434
89 443
97 152
339 312
196 156
423 533
469 381
414 227
58 261
42 471
163 383
336 130
392 164
221 159
163 381
3 438
439 312
25 353
453 128
430 431
518 21
79 364
179 163
477 535
201 275
471 424
465 399
330 0
522 362
143 496
467 326
487 213
531 286
423 197
409 364
364 140
52 139
321 134
294 111
94 320
492 117
166 112
489 87
336 113
277 538
518 250
364 127
323 553
556 2
537 364
86 219
15 202
179 509
243 473
209 50
309 385
321 123
192 522
408 79
252 379
16 476
156 416
129 208
316 252
215 476
521 0
206 513
396 189
502 454
521 4
340 76
451 195
392 133
290 546
281 195
177 22
286 492
220 339
290 551
372 31
128 406
166 136
315 404
129 203
55 75
53 398
151 120
153 199
438 157
156 429
279 503
467 355
433 62
266 50
136 516
214 208
210 190
200 494
67 56
423 167
362 514
50 535
55 83
503 245
294 120
558 45
534 99
417 450
259 285
272 248
80 45
424 362
279 515
17 245
186 455
394 114
490 49
302 485
73 265
509 302
256 402
79 64
16 446
220 311
109 339
526 59
301 215
465 345
338 104
197 67
444 244
543 439
340 44
74 7
340 47
17 238
410 188
24 140
87 448
486 457
415 447
466 145
537 326
308 547
144 244
421 550
151 193
471 460
116 234
421 32
471 463
522 304
522 305
438 123
500 403
172 292
67 96
422 335
454 1
216 236
386 457
453 196
265 341
159 261
44 473
144 275
35 67
94 382
291 307
51 384
360 82
35 64
185 58
72 472
559 204
358 439
465 73
524 384
300 448
523 115
159 255
372 250
143 471
190 512
246 26
501 216
417 499
436 520
216 241
489 6
466 129
393 235
524 135
346 131
40 192
279 434
539 244
15 158
120 302
483 278
226 264
475 87
362 126
36 411
258 59
36 410
14 356
501 269
524 124
167 332
153 7
22 101
273 355
68 337
506 530
328 533
348 85
410 424
532 393
338 399
153 488
76 541
281 110
176 341
287 206
46 241
41 13
547 453
216 433
226 240
466 457
371 149
507 358
242 295
529 411
443 35
280 335
210 343
136 239
13 510
93 377
323 294
234 99
233 205
52 405
330 243
144 463
168 113
126 413
487 30
418 15
403 425
53 68
501 23
110 505
379 283
91 312
532 339
238 522
313 455
76 521
531 125
337 522
29 424
68 367
144 410
111 309
53 258
29 421
175 512
363 368
288 422
204 171
304 14
367 438
473 459
496 349
29 437
353 27
451 316
406 99
45 434
363 356
533 157
291 391
265 193
273 350
442 340
15 136
517 199
176 303
159 541
309 298
295 489
451 94
509 368
501 283
421 486
514 345
234 436
529 443
529 442
490 200
32 386
211 194
120 384
258 167
515 122
329 345
241 464
307 210
466 403
31 102
29 454
293 407
21 370
226 65
134 213
240 259
470 180
69 528
130 559
147 279
535 186
549 482
118 212
557 243
55 221
484 476
81 514
102 314
21 399
124 25
121 189
439 414
398 107
174 371
56 499
504 502
541 74
178 383
27 443
440 303
196 427
312 77
353 71
533 116
298 223
419 314
112 33
441 109
191 189
541 61
226 83
136 48
497 512
375 249
73 42
553 38
532 321
41 90
300 72
305 4
305 7
41 367
305 257
61 74
470 175
54 400
383 457
127 223
205 398
127 229
304 462
540 552
440 327
484 486
499 113
251 67
97 40
181 359
147 231
140 5
169 371
61 89
305 224
414 54
232 450
41 82
477 485
311 449
365 73
74 513
184 178
542 174
42 169
31 511
512 310
490 264
255 394
556 472
225 436
326 549
210 320
61 485
541 366
78 197
249 167
256 195
405 429
553 90
276 144
140 383
168 41
77 390
298 280
413 250
33 118
507 392
69 549
483 51
435 392
362 150
275 312
471 67
28 279
411 208
154 251
252 526
180 529
263 32
426 53
384 287
146 405
7 248
248 341
161 272
438 32
175 9
85 198
357 193
181 329
212 374
61 466
112 65
53 18
69 552
396 535
334 261
35 285
381 432
406 244
483 43
334 268
397 331
283 156
499 157
168 68
428 380
543 341
299 42
275 415
485 326
301 526
285 148
139 434
440 281
550 414
109 250
81 54
11 496
437 424
79 416
293 499
389 121
139 438
66 276
243 509
222 247
96 215
341 301
34 474
20 191
188 159
416 158
1 534
458 88
221 457
150 283
277 498
502 506
118 180
156 371
423 460
355 509
49 461
486 136
134 190
536 493
98 280
446 366
350 255
12 283
140 24
268 444
277 486
549 429
520 494
63 406
373 114
312 280
156 382
520 499
5 196
365 431
93 50
88 351
237 256
252 447
308 77
172 362
58 189
139 4
526 213
471 31
57 381
499 519
312 287
396 455
493 418
139 44
103 179
108 478
230 375
488 187
321 43
487 390
343 362
181 253
251 92
453 449
368 50
512 268
125 230
231 175
10 255
64 222
543 383
553 270
143 177
537 277
243 40
313 5
324 426
200 143
318 311
195 263
41 353
430 108
446 40
411 5
253 280
93 77
116 520
64 233
64 236
340 559
32 76
536 459
245 542
286 398
247 175
393 40
127 52
246 347
292 278
517 38
103 151
544 198
44 58
341 96
142 379
253 292
518 321
44 196
454 289
236 491
58 137
277 444
558 146
389 104
469 262
341 320
107 224
233 197
162 458
355 525
325 245
56 559
231 68
4 346
336 257
338 402
4 342
172 45
447 131
200 176
445 542
184 17
558 135
44 33
163 255
57 341
428 302
101 540
283 551
427 508
521 240
75 380
422 275
70 531
115 369
328 96
363 455
1 126
167 289
242 307
176 37
43 327
152 62
243 102
116 160
193 208
486 527
129 303
259 371
263 475
207 455
495 460
422 34
293 418
140 84
200 109
487 324
328 81
140 99
416 556
56 27
286 355
435 421
243 95
141 531
100 364
38 413
523 293
479 465
90 411
343 306
486 532
504 181
445 123
122 429
3 192
215 117
328 73
418 194
242 326
308 454
315 527
339 239
444 315
325 293
438 284
466 71
545 334
238 467
550 480
503 373
504 173
94 221
164 79
545 93
123 233
207 426
410 87
258 120
68 30
328 69
214 327
394 466
199 301
158 378
152 98
445 103
317 183
16 370
519 154
409 22
409 26
68 277
44 149
342 558
422 234
109 213
217 143
545 394
140 45
223 493
343 360
15 510
202 153
458 311
202 154
244 348
287 108
165 237
72 106
330 136
94 244
551 253
223 20
549 36
209 435
357 535
288 389
139 66
370 320
515 546
501 352
378 406
101 128
196 91
365 486
109 209
289 187
72 120
139 75
550 439
280 49
126 7
1 547
80 288
279 418
422 218
136 207
196 68
422 213
515 516
365 479
558 541
235 36
50 469
308 415
470 517
116 149
272 155
24 50
209 459
279 49
322 453
170 330
316 344
487 340
309 206
12 71
89 178
316 349
239 293
251 284
88 380
279 42
442 96
244 375
109 226
300 323
421 410
393 233
450 207
377 359
306 343
306 340
391 504
346 499
61 331
412 381
555 351
184 255
184 251
38 140
434 206
307 140
420 11
516 497
21 435
37 349
151 306
13 414
37 346
106 297
160 326
297 170
225 359
448 502
524 240
113 242
86 62
243 198
374 27
135 540
307 155
290 283
226 156
508 242
159 438
153 381
192 240
419 261
47 165
84 419
337 65
502 178
377 332
169 275
539 101
313 510
130 262
248 423
481 325
523 425
199 141
235 162
466 337
105 459
345 229
538 307
92 469
548 191
130 266
370 455
22 241
169 266
17 45
559 8
300 247
491 157
508 265
203 19
524 24
255 445
272 403
361 406
364 297
290 249
458 158
27 535
332 385
523 403
497 258
292 55
514 442
98 88
525 498
368 342
54 46
422 188
524 38
248 418
405 146
255 436
435 465
364 287
145 359
293 508
241 128
451 432
186 295
166 424
293 502
68 252
114 486
127 320
239 229
308 373
457 333
247 66
242 363
419 235
457 338
21 486
401 510
15 491
288 330
532 235
500 126
457 331
301 77
0 497
436 230
215 22
492 377
440 89
315 168
62 548
333 186
240 303
55 196
6 172
22 284
330 328
0 485
287 538
190 237
292 89
14 220
337 18
147 394
247 248
312 335
446 502
227 350
134 330
227 353
128 186
48 390
256 293
460 209
383 353
332 342
534 254
79 499
376 160
94 88
510 342
91 240
6 510
132 275
128 194
253 404
13 497
42 76
35 342
148 184
19 102
557 350
111 213
345 98
484 105
369 504
519 14
296 67
190 252
181 432
405 130
181 413
429 483
61 390
533 479
415 83
500 163
415 81
147 375
8 136
298 349
91 257
411 528
203 80
212 469
76 267
148 171
256 263
404 322
506 268
33 267
328 224
500 170
175 272
313 11
99 360
12 203
539 99
399 239
333 142
354 51
476 133
28 349
349 296
433 498
127 346
548 119
304 344
475 343
61 370
433 444
374 500
427 455
482 558
411 541
249 291
70 174
554 515
111 270
47 549
282 250
428 257
225 308
332 307
313 171
532 44
555 318
131 430
14 277
295 505
118 548
6 557
269 113
281 456
154 136
340 397
135 20
440 464
27 129
97 342
196 347
532 56
311 550
168 452
131 446
556 140
354 85
124 505
147 16
161 163
4 517
228 179
472 34
526 520
541 274
20 284
439 19
113 295
119 324
111 242
82 443
434 264
328 261
5 312
90 162
549 343
199 185
366 67
382 118
348 471
462 277
532 20
505 425
441 270
374 511
124 516
261 140
390 290
177 289
128 171
57 182
234 394
58 2
374 517
29 62
295 514
491 196
174 426
42 10
281 442
456 155
132 327
503 439
81 108
269 148
8 511
435 79
102 83
423 84
41 430
133 122
277 391
155 427
432 274
391 197
309 67
504 45
339 503
253 364
50 355
195 105
422 545
519 219
206 361
236 323
111 185
476 512
318 489
259 421
311 115
324 511
254 166
197 185
388 212
343 262
504 220
172 458
207 169
389 73
441 187
463 127
10 554
196 363
454 123
74 255
240 71
56 400
357 443
467 505
277 368
95 302
165 176
494 348
229 453
57 99
335 130
237 137
57 259
396 339
503 408
339 526
548 510
452 528
522 197
97 365
117 249
537 187
365 545
405 524
549 313
149 362
25 554
222 156
328 199
468 318
542 424
102 70
269 183
277 345
528 65
435 35
439 102
101 414
262 363
504 277
541 49
415 279
247 290
536 347
207 68
558 240
453 336
283 463
81 147
542 458
155 461
9 356
408 379
283 447
454 135
156 209
422 505
41 466
227 425
138 10
311 159
79 107
96 148
411 81
58 494
340 407
215 275
411 88
522 144
336 385
200 293
119 289
200 291
200 287
369 56
178 114
193 548
205 501
432 253
108 383
319 269
389 460
155 440
536 362
391 134
276 57
214 483
522 159
543 252
342 48
340 412
450 179
511 143
453 370
59 293
321 388
49 520
236 390
389 476
265 518
408 351
122 525
350 192
253 390
471 285
391 123
276 520
373 208
463 543
39 345
393 512
25 76
78 326
105 518
90 548
336 362
271 241
450 166
78 325
478 532
359 476
550 134
524 64
491 559
265 520
369 193
13 98
81 184
176 529
219 87
308 357
538 394
7 41
511 169
1 259
308 343
199 45
262 300
472 454
175 54
290 316
175 51
482 195
426 173
223 356
101 6
266 357
72 288
392 371
322 526
467 108
59 266
370 98
551 396
395 134
330 35
15 465
554 189
524 57
170 498
411 194
167 157
409 116
152 177
200 260
545 205
521 325
535 519
426 191
317 239
45 496
238 363
465 113
364 338
57 26
230 290
418 97
401 492
364 330
287 469
443 204
501 469
544 468
92 511
200 36
142 400
238 352
1 213
362 12
17 472
372 468
431 64
171 214
179 305
523 371
470 429
94 112
163 516
551 386
287 475
157 400
200 48
149 2
530 265
487 470
504 33
363 516
195 98
359 457
264 304
89 284
385 415
302 265
544 441
516 15
163 522
224 29
278 529
129 400
188 295
163 527
424 150
201 483
64 537
363 501
217 270
143 222
50 332
102 299
39 394
264 315
509 536
193 137
365 105
373 288
523 359
57 65
371 215
317 23
523 350
107 512
488 269
445 263
