430 4235
99 21
338 137
77 127
13 308
106 163
418 334
30 103
395 3
395 6
178 56
256 320
265 364
208 426
256 323
369 236
44 413
106 172
268 91
121 348
166 64
70 267
378 292
75 60
168 381
185 188
72 6
61 201
268 99
176 120
338 142
273 121
22 343
22 344
418 348
378 285
369 223
106 182
322 242
291 196
86 189
395 74
340 287
291 190
168 349
347 196
30 120
203 179
86 187
371 388
256 305
338 165
268 72
128 259
234 230
268 76
178 65
178 60
362 357
282 159
35 403
92 345
86 198
369 249
142 65
322 264
6 269
185 133
225 261
322 267
47 265
31 353
13 344
338 175
146 266
120 104
295 223
274 368
293 25
83 314
259 174
151 220
99 51
6 278
99 214
291 169
21 111
308 265
146 282
370 158
26 91
87 74
52 224
408 37
68 139
154 47
347 120
256 357
198 211
92 366
378 242
38 294
274 356
26 63
274 393
204 14
308 256
21 122
282 199
115 186
204 380
370 154
408 29
2 193
410 234
329 117
120 125
410 231
14 80
146 249
128 214
185 165
365 191
167 118
167 113
130 348
191 397
243 298
16 173
256 337
256 338
31 347
68 115
99 269
204 34
99 265
221 166
340 227
182 364
13 388
221 170
216 17
120 148
299 292
348 378
283 385
274 325
40 343
198 263
204 41
255 117
119 259
125 416
3 416
120 159
383 240
399 148
414 259
374 203
212 101
228 28
91 138
176 194
176 195
133 193
56 244
299 265
189 202
322 83
120 166
361 151
357 396
34 177
383 219
277 196
299 255
13 350
56 234
176 180
61 262
190 155
74 305
133 177
160 279
63 15
322 95
99 230
216 42
370 181
31 304
361 162
334 56
247 323
310 408
114 33
334 52
231 413
83 395
40 392
427 332
411 424
340 269
119 222
204 70
176 171
82 100
346 30
178 96
322 64
399 175
176 167
361 131
332 429
177 387
355 45
427 320
195 427
340 276
82 111
346 20
322 73
216 61
332 414
77 153
128 288
427 356
204 306
310 62
204 98
380 17
427 350
399 155
216 76
4 34
335 299
262 2
190 184
216 71
12 122
255 133
247 314
51 75
6 214
310 74
329 183
329 184
91 182
63 62
241 15
207 185
367 42
241 11
399 163
133 131
379 16
12 113
96 406
241 19
207 187
414 312
299 325
379 404
142 171
172 110
102 141
228 85
73 106
304 171
213 322
43 165
304 173
172 105
261 227
400 87
335 271
400 84
11 6
357 332
158 194
357 338
241 75
343 79
230 121
241 71
102 158
228 71
228 72
265 25
304 161
25 214
43 173
230 115
3 379
406 421
3 378
423 223
335 282
116 310
357 321
39 403
387 302
396 220
357 323
309 415
326 255
289 28
417 180
241 46
80 408
172 128
400 67
326 252
358 11
182 290
358 16
387 312
221 233
194 98
116 331
230 133
290 24
422 8
335 266
423 208
3 352
277 228
270 357
340 309
74 351
412 37
221 246
409 288
59 166
304 130
304 134
59 169
335 230
216 170
326 273
4 94
357 375
357 370
340 317
331 50
299 354
358 30
55 7
3 338
409 293
169 94
283 332
231 394
323 403
299 342
246 138
318 62
343 23
158 193
116 301
216 194
331 48
358 53
56 319
7 419
396 254
221 274
326 289
189 130
43 151
164 291
326 282
326 286
270 318
420 424
117 67
270 319
306 66
62 412
286 108
142 28
172 198
186 378
396 287
366 420
371 45
124 292
6 190
295 269
362 401
26 38
277 96
216 131
54 84
358 77
308 220
62 407
151 267
308 223
383 16
115 117
262 428
344 371
252 263
52 260
393 408
186 366
396 276
2 175
353 277
410 266
395 21
159 398
335 205
378 202
395 26
353 280
331 16
308 226
387 382
252 259
291 237
287 398
252 291
78 67
306 42
291 236
44 391
316 131
225 283
308 211
2 145
43 105
412 11
117 42
316 137
316 136
392 247
130 64
22 414
129 28
22 411
371 300
393 420
306 53
268 293
344 397
142 121
268 295
115 139
252 286
286 138
130 74
243 380
306 59
52 245
14 53
124 280
30 194
423 282
91 27
137 229
374 189
292 415
30 149
238 243
292 418
235 422
386 110
14 21
243 304
291 204
38 220
203 191
78 79
383 59
301 331
121 429
409 213
395 62
229 307
129 77
216 105
257 4
371 75
246 183
383 50
386 108
371 350
333 8
158 104
159 384
16 101
402 398
30 164
44 356
417 144
338 242
401 107
387 357
400 15
164 204
137 8
289 73
143 344
289 77
2 111
130 30
137 2
259 124
303 70
353 209
274 290
427 255
327 45
308 190
377 114
137 385
329 212
182 400
226 382
329 218
340 198
369 350
287 304
315 50
121 40
405 95
46 149
378 394
405 99
308 187
406 6
77 235
247 416
176 241
6 350
329 203
213 38
226 390
429 74
168 253
145 22
145 23
242 162
201 65
411 366
396 0
237 17
370 224
370 227
330 118
152 313
370 234
199 380
176 220
226 367
405 71
200 403
393 382
92 215
145 31
404 164
298 175
212 299
219 183
121 17
21 211
137 399
136 113
191 237
56 198
30 236
191 235
265 281
418 240
216 329
226 370
405 69
120 215
46 131
213 54
191 227
265 274
203 284
13 229
322 385
128 304
235 391
146 390
191 247
329 252
420 340
21 229
368 113
213 66
46 103
348 292
198 103
46 108
274 244
6 399
274 240
121 77
225 47
21 234
291 286
387 178
329 243
368 104
424 414
120 235
235 372
225 77
185 271
191 260
121 66
37 154
295 375
191 264
352 8
237 59
30 200
66 411
274 269
429 47
70 369
308 121
274 264
411 393
291 268
70 367
185 287
352 76
242 137
47 376
47 379
316 188
260 185
219 145
313 326
370 263
21 250
331 361
86 270
331 300
21 268
250 56
60 76
340 103
212 249
84 42
405 12
5 137
65 182
20 56
348 254
5 139
112 269
145 94
127 130
146 346
226 303
352 91
249 76
312 104
269 316
352 96
47 355
250 67
37 187
219 125
20 71
119 135
127 126
364 76
19 80
96 10
112 252
417 23
250 31
170 79
283 235
417 28
357 289
286 33
20 38
160 169
388 52
74 419
77 297
331 313
414 148
250 42
384 381
47 333
417 30
198 120
84 59
157 94
56 111
212 214
212 215
305 379
357 278
99 118
170 64
194 14
397 414
237 89
397 417
169 70
155 118
376 69
274 219
189 336
72 85
169 78
146 337
427 212
376 90
269 348
170 18
383 148
56 189
61 134
57 390
170 10
262 88
119 107
383 150
57 396
234 191
242 193
198 189
250 90
77 282
34 283
212 279
169 19
231 301
298 158
388 69
298 159
157 30
47 318
127 167
146 312
13 292
9 182
405 305
348 200
369 304
77 271
298 160
405 42
427 208
149 180
312 115
155 174
198 172
250 79
99 166
312 118
133 94
61 112
234 169
133 97
234 167
262 67
305 328
127 159
305 329
283 280
348 232
334 136
145 74
419 406
96 83
198 161
427 221
56 153
10 408
28 148
405 321
82 213
405 29
145 85
369 328
127 141
427 229
298 76
231 298
2 209
164 111
96 332
124 326
268 102
350 358
34 367
133 372
2 200
286 95
17 206
17 204
365 337
392 23
383 197
47 14
277 151
191 1
335 398
392 26
261 348
341 423
326 352
206 122
401 288
11 79
164 108
401 283
277 137
401 290
133 357
294 180
179 104
149 142
161 57
133 359
181 157
10 340
59 20
172 251
28 199
124 305
380 57
73 246
10 317
73 248
348 319
312 156
189 291
82 121
207 390
365 317
348 310
222 384
246 296
261 328
207 399
149 131
185 16
124 96
186 428
274 79
60 28
17 210
124 316
100 427
13 199
124 311
56 2
277 115
367 85
103 297
11 60
367 88
334 101
124 89
243 415
127 183
99 195
164 132
181 137
213 415
96 325
380 335
164 157
344 289
60 37
302 408
60 34
392 194
60 33
195 384
155 227
11 30
189 267
335 354
317 404
374 214
317 408
339 307
380 329
164 149
221 132
396 116
286 64
136 76
207 360
246 228
181 198
155 212
261 318
302 414
423 3
302 413
133 315
18 428
136 80
56 208
10 355
414 211
34 300
96 350
34 307
221 145
73 205
210 19
73 206
155 209
392 45
3 426
43 263
209 26
25 344
207 355
164 187
380 365
388 429
207 352
298 66
136 93
142 280
84 12
303 9
65 178
148 78
380 352
181 175
164 176
59 85
252 358
181 179
401 217
409 366
278 344
209 41
38 307
209 46
116 280
335 310
252 387
270 202
339 332
151 145
325 147
17 270
423 190
47 99
364 123
24 100
353 154
52 145
222 15
252 378
30 290
380 377
380 378
137 329
113 418
128 400
207 315
225 162
368 172
294 124
195 399
396 192
392 85
392 125
124 391
396 191
197 75
353 191
209 68
365 399
408 69
25 383
185 226
387 270
294 119
17 293
353 179
242 219
47 79
242 217
353 175
325 166
112 2
392 123
316 268
14 424
159 297
235 313
165 321
210 64
216 284
168 197
142 239
259 281
185 239
194 132
259 285
172 274
299 406
378 7
401 254
238 122
325 193
24 157
378 1
418 253
47 62
222 327
73 265
9 27
194 182
256 400
287 223
172 269
258 13
284 417
123 170
291 325
35 83
387 210
321 1
52 181
424 373
424 376
137 330
418 262
259 224
239 393
165 346
309 342
309 344
294 144
172 257
291 317
365 364
287 251
393 336
401 234
316 211
191 302
303 98
309 337
222 348
259 236
216 238
339 42
95 186
294 177
246 19
350 340
123 152
291 302
23 85
123 158
387 239
322 337
172 281
165 373
409 311
30 271
265 354
95 173
423 128
421 51
294 160
66 365
161 260
23 399
328 11
418 50
281 127
304 44
119 420
130 156
329 335
132 63
362 124
132 68
132 67
273 367
119 427
176 364
226 262
85 124
198 425
107 96
202 17
69 138
77 353
40 188
371 160
232 427
132 70
132 75
121 107
99 415
201 307
156 27
176 358
22 106
36 425
264 340
105 101
94 157
410 425
16 92
161 241
40 173
193 198
119 406
94 180
264 351
94 183
272 112
407 8
40 167
169 389
316 19
28 54
40 163
371 143
235 281
376 425
208 212
379 293
28 51
376 429
404 299
130 154
190 310
91 307
190 313
176 330
208 216
152 207
406 32
393 277
53 66
144 7
397 9
306 422
417 329
258 135
418 18
235 270
255 322
264 364
77 329
264 367
204 160
65 52
65 45
352 319
353 17
352 311
53 74
176 328
53 258
32 390
185 386
126 405
31 120
31 121
242 239
204 177
304 14
15 125
16 392
347 361
291 93
144 400
239 312
53 85
291 95
418 37
296 254
316 296
260 290
371 197
226 47
346 113
132 40
184 105
132 46
65 68
77 61
425 104
176 305
296 269
346 100
422 282
121 167
365 24
329 341
258 164
45 429
258 167
418 45
346 106
69 157
223 424
223 423
384 219
190 353
214 69
190 355
330 209
293 400
306 418
168 151
147 292
239 334
277 2
77 54
181 316
32 353
365 35
153 428
197 221
193 56
48 270
19 214
413 225
19 212
377 25
131 355
181 71
238 41
91 362
197 219
255 356
102 318
312 229
204 130
106 337
208 274
356 387
41 386
246 306
353 68
328 132
400 196
249 196
400 197
389 28
329 390
362 194
48 253
48 254
181 50
48 259
190 380
32 348
384 260
169 304
169 303
249 181
193 45
205 397
6 417
147 233
40 151
362 175
111 389
285 190
282 368
254 112
12 389
131 312
189 426
6 429
125 201
105 156
205 363
365 70
397 325
226 99
85 174
168 49
429 198
40 143
98 250
296 200
389 38
381 407
282 387
282 388
260 240
355 143
362 186
111 381
213 197
41 66
181 47
76 111
184 189
111 376
260 239
176 397
125 216
57 285
168 43
181 43
144 96
377 82
140 389
40 134
181 336
77 388
169 353
260 212
276 119
362 145
176 385
105 138
168 72
12 366
347 312
276 113
12 364
169 347
106 396
251 57
106 399
53 19
277 395
381 424
85 192
305 215
312 243
176 378
226 214
389 53
255 381
254 107
131 302
68 80
375 193
202 3
202 2
368 22
229 115
368 24
246 395
222 240
188 152
302 327
202 4
159 91
342 109
159 95
12 290
41 305
102 394
41 301
68 97
81 41
375 183
89 154
356 300
229 105
246 383
179 222
160 84
179 220
131 401
325 213
172 373
81 78
325 216
172 98
109 270
405 410
245 135
372 314
26 221
263 78
292 241
192 5
192 4
63 406
156 380
366 290
222 263
179 234
285 176
275 53
172 362
194 400
231 167
109 260
192 7
111 282
44 83
316 306
302 350
73 353
57 385
343 362
82 251
276 200
222 276
181 252
408 276
397 256
135 90
400 172
285 109
102 345
44 71
73 308
106 408
213 124
160 54
222 288
261 422
102 357
381 30
325 228
380 208
32 78
359 168
286 399
215 1
160 47
423 425
44 166
148 421
156 338
231 111
285 129
23 418
251 206
102 320
49 407
26 264
200 171
76 185
416 184
41 330
179 278
175 195
5 150
359 181
285 134
299 33
44 182
423 407
102 339
231 128
119 393
23 402
156 340
325 243
23 409
321 271
341 71
143 192
5 146
393 26
122 404
267 226
179 288
261 412
125 271
184 12
267 229
72 143
5 1
53 292
39 228
387 128
277 420
286 343
372 385
426 284
235 221
56 26
341 57
401 321
242 317
115 351
277 412
301 135
171 143
239 233
129 311
352 245
366 205
39 244
56 35
94 228
387 141
258 113
209 408
72 169
401 312
193 231
2 389
393 54
335 415
143 164
50 424
53 287
94 218
301 150
217 193
217 192
75 5
363 428
309 249
217 196
335 428
16 375
393 69
171 162
165 207
57 308
352 266
379 207
363 411
31 197
72 100
322 422
115 321
239 283
259 336
211 42
66 235
289 198
222 203
109 200
264 416
272 115
393 207
286 314
372 345
363 408
316 70
388 378
330 143
165 228
380 297
316 78
66 220
222 214
94 234
302 378
422 211
188 168
286 329
409 84
301 109
2 348
235 37
366 241
193 274
193 278
89 160
171 134
165 255
309 210
302 383
165 259
409 77
94 266
316 49
346 185
115 336
185 320
188 177
217 158
184 93
330 175
245 167
2 356
309 208
251 280
388 396
68 69
130 192
107 49
235 24
409 65
94 253
101 141
264 206
247 42
362 48
296 353
223 79
249 258
184 245
258 292
217 340
152 100
130 286
112 427
347 297
247 49
31 277
98 43
198 302
47 198
47 195
217 337
232 306
223 67
85 255
306 352
385 341
249 244
211 94
349 57
211 99
62 119
128 123
247 23
386 34
98 71
249 238
130 259
137 166
374 54
426 224
112 406
184 270
282 268
296 341
226 128
67 407
67 408
385 324
386 24
306 331
371 264
85 276
169 265
264 238
44 305
226 133
289 163
31 267
378 145
161 107
98 57
369 123
272 42
422 194
301 97
130 239
130 233
137 185
16 286
410 332
426 247
171 195
121 283
121 285
417 200
38 186
1 296
325 51
121 266
67 428
398 54
49 77
247 94
130 251
410 342
313 80
38 179
349 16
264 260
175 90
22 268
313 86
129 359
38 171
385 392
362 93
362 92
98 78
404 351
47 120
53 111
398 9
301 71
85 220
201 414
184 228
374 96
264 269
301 77
152 120
54 393
226 162
426 264
226 163
260 48
37 82
49 50
255 411
341 1
295 121
410 365
190 234
201 409
273 214
176 414
111 17
111 14
260 33
410 360
35 321
374 88
410 362
31 223
313 66
315 156
129 377
315 155
85 238
198 391
384 153
198 393
404 305
63 342
134 339
29 184
427 43
9 390
403 77
284 61
29 187
299 171
213 282
8 118
80 6
241 177
62 14
162 353
313 31
123 64
179 299
272 83
99 376
169 207
50 46
415 70
130 205
106 213
204 253
227 345
305 157
76 274
284 55
159 18
29 191
35 346
35 348
5 360
217 6
147 390
40 211
415 86
340 329
3 27
414 375
162 369
134 352
119 365
8 133
260 375
232 352
305 129
48 371
389 426
259 82
260 86
375 368
111 202
347 233
283 5
74 14
198 366
5 350
74 13
12 203
319 228
319 227
272 54
415 94
407 197
159 33
398 77
398 73
150 8
227 329
90 197
74 24
62 183
403 40
50 73
147 350
85 284
128 146
98 140
161 188
147 358
333 115
268 303
184 289
125 327
62 52
274 409
362 288
362 287
125 324
57 153
282 246
184 295
29 149
175 239
85 299
227 385
407 175
135 22
312 383
249 289
268 316
340 397
169 245
125 338
260 357
35 386
254 242
50 95
175 227
415 42
175 228
153 322
415 40
147 332
232 318
57 173
306 360
232 314
86 49
210 410
381 315
156 178
284 84
131 416
197 131
98 124
103 404
375 327
29 169
378 190
74 73
249 263
153 313
106 274
86 38
156 185
227 366
381 302
333 109
334 387
375 318
272 90
403 85
103 412
296 44
62 141
188 268
109 135
180 114
156 232
26 366
3 82
260 304
35 297
82 386
165 158
102 270
48 312
3 84
311 120
222 125
319 279
310 54
194 306
109 122
147 303
372 421
245 224
34 117
89 271
111 183
316 407
322 35
397 119
390 95
50 357
50 358
207 31
98 177
263 189
125 376
222 135
48 307
133 117
90 133
423 347
188 248
2 429
268 320
2 420
171 205
57 255
57 251
408 384
179 353
320 163
302 225
423 334
268 333
220 10
407 110
197 155
381 348
111 162
138 75
236 344
254 147
328 194
388 233
111 158
9 320
98 158
163 12
251 307
408 369
320 138
124 128
244 10
143 297
180 153
95 325
277 346
403 36
263 158
219 44
423 316
81 147
311 162
9 358
320 140
397 169
277 338
140 415
2 412
50 394
232 19
244 29
244 28
207 73
200 273
165 189
126 80
375 259
403 27
334 322
311 155
79 103
408 346
188 202
188 201
319 268
408 347
403 19
245 210
390 323
286 287
63 323
232 282
200 288
390 316
207 116
220 66
213 224
380 123
57 217
400 280
79 111
79 110
311 182
162 335
263 132
119 270
109 186
263 131
268 376
299 214
251 310
106 315
106 316
114 81
178 122
138 311
79 127
375 279
381 390
116 415
311 179
397 178
81 136
380 112
9 367
379 368
223 333
115 249
277 308
187 50
152 183
67 355
295 152
251 349
49 44
180 198
321 381
49 41
369 198
286 230
124 170
337 166
268 28
371 204
380 141
380 142
365 174
291 124
1 259
394 328
143 244
49 35
258 222
37 51
16 239
380 131
16 235
194 398
256 19
379 345
143 278
124 145
152 160
143 275
309 139
193 113
124 140
379 341
143 280
13 71
410 399
199 11
171 294
138 367
115 256
194 369
187 43
67 367
199 23
223 349
89 69
158 0
180 189
200 254
89 75
350 19
232 74
138 357
293 12
194 373
13 81
53 167
350 16
426 191
315 229
295 196
366 345
400 219
267 181
302 243
22 311
321 331
329 414
13 55
365 138
329 417
165 117
380 184
324 142
256 78
90 83
121 301
217 253
371 243
86 411
281 25
330 273
273 280
245 265
357 417
366 354
343 220
157 407
22 307
250 109
315 210
270 416
362 26
352 182
292 313
151 77
165 141
247 5
200 203
102 292
94 140
321 314
94 143
129 401
256 50
143 228
393 108
214 402
388 280
366 378
264 315
44 228
171 240
22 323
292 331
223 392
179 323
90 92
306 225
175 324
248 12
200 78
266 174
224 44
306 220
403 220
281 372
337 325
0 158
315 266
272 332
266 180
315 267
368 420
23 144
175 314
249 361
403 236
306 231
338 42
338 40
122 150
315 253
0 144
412 251
134 19
5 405
105 347
266 171
224 407
249 351
85 380
175 305
363 154
294 403
227 293
351 50
363 35
294 400
120 2
224 61
122 183
184 396
192 151
184 398
211 377
257 103
345 100
169 160
14 130
272 350
32 172
85 391
146 15
85 395
297 274
113 141
218 277
211 388
290 387
419 165
0 42
144 220
419 167
428 184
425 315
419 163
144 225
183 123
363 132
122 57
122 56
258 378
218 229
326 37
416 79
241 260
421 269
428 56
290 376
0 117
354 163
363 122
387 18
257 160
385 269
363 123
105 307
346 329
236 54
261 20
351 87
209 274
253 0
131 169
279 253
55 25
387 47
93 181
385 254
169 195
81 7
302 48
192 193
281 393
54 272
266 6
367 204
249 319
150 425
81 3
135 233
257 148
387 43
131 133
202 336
419 113
205 181
205 186
114 374
205 184
220 370
67 326
32 146
280 134
403 214
387 37
93 174
210 144
249 303
224 94
364 385
275 168
364 393
67 15
184 364
110 48
20 332
249 306
184 360
257 137
169 192
209 294
32 141
363 84
409 2
319 323
279 277
273 55
75 119
110 303
387 68
391 7
349 180
84 153
41 153
261 74
297 28
162 233
211 316
146 66
328 365
416 42
376 287
236 284
360 350
232 264
171 10
429 392
63 237
232 273
275 151
183 26
261 68
27 200
183 145
279 299
31 53
104 130
319 341
227 215
146 82
148 297
18 88
178 159
49 298
328 345
18 85
46 409
414 7
49 295
36 272
429 371
183 131
399 44
241 271
188 417
248 84
373 401
108 198
328 357
385 292
248 153
328 354
36 293
399 90
8 272
31 32
232 215
134 44
19 410
148 271
428 132
428 133
84 195
284 5
404 82
41 192
196 217
276 379
162 270
349 159
140 139
297 251
232 222
63 274
41 187
148 264
180 317
18 74
81 312
81 314
126 236
164 1
399 79
31 18
63 288
404 66
18 47
397 106
248 102
276 359
254 336
219 414
14 173
320 189
140 158
146 59
232 209
284 190
398 364
8 281
407 275
390 179
327 112
206 383
33 335
76 333
27 225
261 86
27 228
360 324
412 235
404 54
188 389
58 397
311 15
285 389
22 86
46 55
214 139
378 70
381 214
358 140
57 114
46 49
389 365
429 304
42 365
429 305
389 361
157 399
267 416
117 140
319 397
196 276
303 364
214 143
407 253
373 352
381 206
141 378
115 2
11 263
373 349
57 124
236 209
429 314
34 64
162 20
186 16
320 294
320 293
101 321
162 21
366 92
132 429
156 139
349 200
236 218
11 237
236 217
381 238
236 215
342 335
407 221
141 387
132 425
57 136
260 403
33 424
89 364
46 25
318 131
389 387
18 118
162 54
263 297
400 341
174 28
303 380
254 273
22 72
4 140
108 238
10 90
407 236
254 265
260 418
260 417
22 66
75 186
395 425
34 25
215 377
104 193
4 139
137 35
139 231
10 58
276 416
7 9
81 262
33 409
389 321
118 376
358 189
149 10
415 152
34 16
34 14
245 302
227 301
58 368
141 332
303 329
232 190
400 6
71 56
42 338
320 232
75 139
139 211
42 342
139 217
214 111
263 261
390 7
22 20
141 348
271 184
303 356
8 212
193 426
358 165
97 276
162 211
157 374
389 341
429 329
95 33
104 166
104 163
83 43
174 151
390 210
89 332
373 322
101 308
10 53
284 105
71 76
89 338
118 365
75 144
285 383
125 96
45 177
72 386
372 137
100 137
187 182
388 172
198 61
174 94
187 176
198 63
114 310
244 142
215 348
416 312
245 35
233 27
100 120
208 91
71 107
58 326
337 277
425 250
245 37
45 160
416 317
157 321
263 225
1 382
139 255
416 301
408 428
215 351
18 191
149 414
71 115
263 218
64 1
114 339
42 302
122 217
166 250
170 136
141 318
201 168
198 57
359 389
23 209
271 148
8 49
186 76
114 343
408 401
23 232
1 320
403 145
223 251
373 384
288 155
394 235
171 347
45 139
338 92
290 403
337 240
419 175
37 426
416 354
408 413
342 309
258 303
174 47
174 49
51 8
223 248
342 303
150 94
419 180
337 233
270 19
202 384
394 250
244 116
367 272
166 269
117 190
345 136
391 422
419 183
144 125
326 90
139 299
186 20
293 243
359 330
64 405
419 84
288 176
372 116
400 317
4 196
8 77
163 400
34 98
293 238
367 285
192 230
45 148
266 267
88 143
326 82
144 150
100 107
258 323
364 424
338 65
372 123
46 67
400 304
419 99
15 303
271 105
351 266
50 215
271 109
157 307
321 423
337 215
271 107
50 217
223 271
272 383
351 22
416 339
209 213
144 146
163 417
192 220
314 100
27 99
288 117
272 202
170 186
189 73
355 296
54 134
39 188
122 282
193 298
88 10
162 191
54 131
394 161
307 383
158 409
0 279
307 380
217 108
138 187
257 242
114 272
270 62
218 383
7 145
52 66
193 281
306 110
54 148
190 407
323 154
250 390
288 102
177 76
91 408
307 394
307 391
39 74
315 377
363 295
190 43
403 369
386 383
201 218
269 55
360 417
39 67
281 231
412 162
270 49
15 99
257 68
233 311
241 2
363 281
114 294
129 165
45 346
296 107
23 289
376 304
0 290
158 416
175 418
376 307
154 399
45 348
297 393
39 198
394 199
64 68
412 153
144 341
23 280
217 118
241 307
218 394
147 196
279 113
244 191
121 1
374 2
307 349
153 85
412 183
0 233
224 330
64 75
7 187
114 236
20 423
208 106
177 40
307 342
289 353
165 52
170 157
147 189
131 294
190 39
332 140
177 34
412 172
233 309
209 392
7 192
406 189
412 179
270 98
153 183
165 58
189 47
15 80
385 139
183 221
147 179
363 238
131 262
170 161
48 170
48 171
307 323
281 275
224 354
323 98
39 25
294 16
15 57
281 278
294 19
289 374
425 228
15 267
387 6
190 10
387 7
379 135
131 272
403 335
363 229
269 88
54 168
346 228
332 158
48 166
15 67
48 169
289 360
76 86
398 211
4 337
335 64
8 356
4 333
102 420
178 260
48 150
84 271
174 237
375 104
327 207
36 377
297 319
240 142
131 233
75 232
206 0
36 381
131 253
32 243
41 267
314 178
41 269
232 151
84 262
84 264
279 171
376 372
228 376
333 377
183 262
429 245
75 214
208 163
41 259
41 258
178 283
60 340
27 312
342 183
289 339
218 325
342 185
118 310
48 138
131 217
333 381
4 307
306 179
335 35
314 151
385 168
279 185
342 165
398 208
41 242
289 324
282 92
342 172
392 0
276 285
335 23
229 12
113 68
327 247
63 144
323 38
63 149
48 111
125 46
48 119
118 308
276 270
35 141
272 6
233 388
98 379
233 384
131 206
276 268
205 69
407 381
376 333
55 360
376 338
323 19
154 365
190 88
297 332
7 121
323 11
248 225
84 298
412 124
297 338
412 126
105 256
306 137
382 353
229 25
101 68
5 18
152 9
152 6
90 395
248 234
425 97
412 110
311 336
406 124
125 12
382 347
382 384
342 231
180 356
90 383
344 57
5 23
318 232
125 127
196 138
148 358
116 19
382 375
1 411
64 317
180 362
327 176
223 170
157 285
163 319
64 326
303 279
4 274
249 3
50 148
101 231
90 368
311 388
401 33
382 396
88 223
12 392
98 391
139 305
19 288
319 93
88 228
342 202
344 25
372 205
125 119
407 358
381 111
101 220
356 402
258 407
237 387
382 388
27 387
336 167
359 277
336 165
19 256
319 55
49 314
11 170
282 400
193 92
178 335
307 81
125 161
373 417
116 46
139 368
26 174
325 6
292 148
41 224
262 101
55 418
128 22
320 55
320 50
49 302
92 94
285 240
58 257
139 336
90 328
4 233
97 156
193 77
60 263
174 259
193 307
55 408
128 17
395 336
391 377
196 158
236 144
327 196
64 377
139 344
58 268
254 45
214 243
320 344
342 244
407 311
342 248
266 17
318 224
104 53
8 327
401 68
5 90
64 373
296 199
67 118
94 329
23 315
139 390
267 373
254 91
307 302
291 49
85 402
372 18
363 321
80 153
359 246
187 293
267 370
15 204
307 315
360 38
320 13
337 399
421 117
15 45
187 287
267 364
272 288
139 378
79 36
165 41
266 114
94 349
223 111
315 407
153 62
167 393
157 218
141 70
278 40
296 186
293 314
254 76
138 122
128 50
352 377
422 366
79 27
170 255
23 322
359 261
193 340
58 229
266 109
266 105
71 249
300 404
310 181
351 102
220 327
0 203
109 307
220 323
293 326
263 327
291 72
104 95
128 40
79 33
384 38
303 292
303 293
416 247
150 375
372 212
422 359
223 138
366 100
372 57
337 365
318 274
318 271
258 425
166 151
384 27
293 352
150 363
372 226
422 348
67 143
223 127
366 111
359 207
92 15
372 49
220 307
351 129
367 393
384 20
278 94
220 303
88 240
109 326
23 373
103 5
356 1
192 108
187 283
153 26
372 242
192 115
237 334
23 372
272 258
80 58
170 211
323 136
359 220
400 423
193 384
400 428
187 269
272 261
293 367
360 90
92 30
411 223
314 228
370 376
370 372
203 395
286 6
419 372
183 312
348 92
153 9
427 121
211 173
104 304
113 362
84 306
295 415
211 167
120 314
373 55
7 270
30 332
97 68
192 365
419 386
177 192
257 353
265 139
274 194
248 307
420 243
136 248
353 104
386 261
199 258
364 197
307 245
248 306
258 35
295 20
354 387
427 144
368 204
154 275
154 276
348 66
420 261
345 354
154 281
287 213
14 382
348 64
233 203
368 232
314 263
136 263
314 260
283 58
397 72
100 25
383 427
176 77
78 120
0 355
87 178
112 16
120 342
112 103
128 428
14 310
219 281
420 238
93 390
170 273
120 361
332 260
33 197
411 257
364 165
70 2
332 251
307 230
220 147
257 397
46 238
294 208
136 282
411 284
122 7
84 336
265 194
275 397
30 327
314 244
14 335
14 338
191 139
203 372
348 192
271 50
314 232
383 419
419 367
280 378
420 219
132 176
87 185
353 136
368 249
199 225
100 19
399 322
167 360
224 223
224 222
307 214
120 378
71 280
324 72
203 360
183 326
399 325
188 59
191 163
357 189
21 387
283 138
300 81
428 336
228 272
97 414
21 27
311 408
348 138
178 375
13 140
136 27
283 90
120 387
127 259
240 261
92 154
312 68
55 224
104 385
104 382
228 267
33 151
380 5
298 238
177 106
191 178
97 426
60 251
283 81
178 388
203 300
103 117
55 216
18 423
103 116
79 383
127 240
288 416
336 14
336 10
104 370
219 212
13 123
324 22
327 307
402 81
256 145
274 107
274 103
403 409
64 287
271 86
104 363
75 343
97 401
283 69
100 58
85 26
177 129
275 365
314 277
230 415
196 408
256 136
107 155
240 230
311 410
271 82
28 295
104 352
182 162
206 10
377 274
154 267
112 95
327 366
253 317
225 424
13 180
406 234
382 218
73 64
127 298
312 24
146 426
398 148
298 276
382 210
42 177
10 305
197 6
219 202
61 94
78 198
275 351
428 367
393 0
124 68
42 179
127 286
295 56
34 392
382 203
406 221
73 91
206 158
275 317
206 34
269 200
327 345
275 314
420 288
256 194
107 180
332 202
256 187
428 395
290 196
7 247
97 53
149 292
146 404
97 50
42 193
312 17
206 48
212 371
349 374
133 382
206 42
78 179
42 191
300 35
133 379
256 177
307 295
290 184
341 299
295 79
34 370
58 152
24 21
150 298
117 379
12 37
74 154
414 13
414 10
187 335
3 126
321 50
358 383
244 302
218 33
402 24
127 23
96 213
402 20
96 220
374 379
117 382
333 35
424 292
206 68
206 248
424 299
215 184
141 135
275 421
345 12
215 190
74 168
12 54
244 314
127 16
127 15
382 246
382 247
58 173
58 175
173 135
74 130
333 419
117 356
270 183
262 264
60 187
18 350
103 36
8 417
247 192
373 111
18 354
88 350
237 257
406 208
317 106
406 204
333 420
253 221
310 213
103 48
195 206
230 385
230 378
4 391
318 385
149 242
60 193
391 288
206 211
341 351
253 275
349 421
206 97
206 96
336 281
266 415
402 62
80 229
149 237
174 398
103 90
142 382
64 236
96 265
344 174
80 230
61 15
298 314
382 294
215 144
74 122
333 404
212 313
321 25
141 100
284 366
318 322
318 321
360 147
255 30
64 246
174 386
360 188
212 308
195 235
310 262
284 357
149 215
103 121
243 24
107 220
344 193
395 210
357 110
339 209
10 248
360 177
360 171
60 152
173 110
60 156
250 403
402 38
395 228
250 401
164 50
192 403
158 362
280 288
267 54
424 201
267 51
186 138
278 223
216 379
386 314
88 96
36 91
88 95
216 378
71 331
150 204
68 286
402 133
216 373
68 288
76 99
68 290
158 352
294 217
234 413
308 18
176 28
53 8
59 351
292 25
267 49
294 221
402 121
255 71
142 350
215 117
96 271
294 247
158 381
294 245
93 420
268 6
216 394
68 265
270 102
278 208
3 185
287 183
336 217
424 231
361 22
68 271
170 374
164 403
24 248
17 175
100 389
43 359
271 396
59 373
59 371
116 173
71 363
361 37
336 204
207 417
17 129
108 403
373 27
30 386
318 396
224 293
224 296
257 321
257 322
339 256
317 115
317 129
303 160
207 404
46 192
164 429
152 37
139 69
152 36
271 332
403 393
158 313
116 111
263 428
150 236
415 325
402 163
308 425
59 313
287 115
402 166
140 64
43 307
36 28
139 71
80 283
280 43
80 289
17 148
152 45
150 271
386 330
24 290
255 86
224 2
287 123
385 17
158 330
139 83
24 52
150 266
402 149
402 145
216 367
345 396
51 251
294 285
120 417
292 92
167 205
160 337
61 333
420 141
211 281
154 189
377 350
78 284
243 189
179 22
202 233
292 98
256 205
425 404
192 10
266 285
136 330
297 170
305 22
225 356
93 236
234 378
17 64
368 308
425 413
17 61
29 10
54 17
136 367
118 94
314 323
179 47
307 125
160 322
179 41
279 98
419 275
354 269
300 254
143 97
280 214
167 50
136 356
420 133
199 144
154 7
78 251
211 269
71 2
350 0
183 404
209 136
419 284
225 385
368 353
151 338
203 26
203 24
170 387
279 355
272 406
167 247
288 313
238 404
308 392
167 3
402 336
399 212
317 192
218 103
327 404
66 17
240 342
290 250
292 52
405 140
354 283
234 339
170 392
363 8
332 373
313 106
36 104
256 236
151 352
331 124
6 169
272 422
419 235
407 60
364 275
131 72
364 284
68 227
36 119
256 221
211 295
419 232
36 111
145 333
354 11
331 112
131 85
33 299
421 372
354 16
143 60
256 217
202 206
143 63
54 74
14 224
279 396
304 339
182 238
42 86
189 108
189 107
49 198
304 328
64 158
284 290
69 419
110 415
145 318
366 19
172 5
182 234
168 419
203 423
108 296
209 192
36 146
64 151
211 208
298 360
376 133
376 136
7 328
227 57
56 369
42 64
354 46
239 30
247 237
261 186
11 407
261 184
203 99
61 389
366 39
104 248
182 212
349 291
256 260
284 269
135 165
127 343
256 253
148 164
7 336
412 317
83 277
378 32
341 190
333 84
55 141
269 102
354 65
219 312
61 376
113 279
33 240
354 204
391 17
252 30
412 347
261 167
378 20
192 50
376 125
97 346
420 199
126 120
160 373
345 58
42 36
199 174
404 2
30 62
261 157
75 413
378 52
199 175
420 165
394 4
61 353
154 121
17 75
335 177
313 152
174 417
127 395
75 425
335 190
75 426
132 219
354 94
253 423
75 421
167 93
83 241
219 302
234 396
61 342
30 38
29 62
180 56
313 168
360 206
127 387
33 216
199 192
179 74
360 201
148 124
240 395
49 120
252 20
127 380
406 368
301 400
117 250
357 12
74 274
415 239
240 90
80 304
126 178
284 220
141 244
150 174
33 325
304 299
10 101
301 411
424 173
293 154
253 366
83 186
69 66
230 240
65 351
415 242
304 280
262 391
49 103
3 255
49 101
173 291
164 350
110 364
387 420
33 78
288 54
262 379
117 234
74 256
21 88
240 78
33 309
429 402
406 333
42 268
155 400
317 210
182 170
83 165
195 64
288 61
278 161
45 54
221 357
409 199
27 149
108 354
264 38
358 236
51 174
253 351
350 155
278 159
27 144
27 145
382 148
64 102
64 107
45 42
158 98
215 251
141 202
396 367
117 212
310 370
3 209
70 79
335 114
33 62
330 99
10 132
187 416
411 70
64 115
228 225
177 302
355 428
158 271
330 83
177 301
141 218
171 50
269 194
310 351
262 350
238 4
3 215
65 391
149 340
370 28
276 69
64 124
107 108
33 37
228 214
228 211
329 88
24 336
253 374
329 87
212 427
24 334
221 387
74 211
336 386
336 382
310 392
409 144
396 391
412 400
412 403
64 122
110 399
158 298
158 295
336 377
355 407
253 385
158 294
266 307
360 298
269 175
298 417
126 188
215 282
173 229
74 229
373 205
269 180
370 40
74 226
7 39
244 413
237 183
183 42
118 9
252 115
118 34
151 379
409 129
364 376
234 300
78 320
411 21
158 246
370 403
376 5
409 121
367 107
317 273
59 243
149 310
402 258
395 117
411 193
10 174
252 148
322 175
395 112
123 377
158 230
411 178
339 108
411 177
339 107
238 315
238 314
131 22
224 123
131 27
317 282
402 244
351 325
106 58
326 180
326 183
151 359
266 355
96 155
118 13
192 304
308 331
323 320
186 279
52 351
139 130
158 268
367 128
106 22
150 104
421 328
106 25
369 91
339 114
7 62
123 350
10 166
330 20
68 150
96 161
215 245
98 7
24 361
392 365
52 365
392 357
367 137
421 335
256 7
402 223
186 275
57 21
382 99
305 52
317 238
336 327
51 126
294 389
238 366
364 333
394 88
150 129
345 245
322 136
395 158
252 181
43 417
364 329
364 326
424 136
238 355
394 90
364 320
238 358
392 339
322 124
293 108
164 331
200 50
364 316
364 314
424 147
43 422
314 404
65 326
288 97
52 397
117 278
195 93
224 197
257 421
192 354
317 252
145 291
300 212
118 47
345 0
3 281
145 297
424 152
145 295
23 127
238 378
351 393
69 44
167 199
345 272
257 415
243 210
15 419
192 344
192 346
237 102
51 133
339 164
