15 130
1 0
1 3
5 0
1 4
5 1
5 2
1 6
5 3
1 8
5 4
9 0
10 12
9 2
5 6
10 14
9 3
9 4
5 8
9 5
9 7
8 11
8 13
13 11
13 10
11 7
11 6
11 4
11 1
13 14
11 8
3 13
3 12
3 10
0 1
0 3
4 0
4 2
4 3
0 8
8 0
12 13
0 9
4 6
4 7
8 3
4 8
8 5
4 9
8 7
6 10
8 9
6 12
6 11
6 14
6 13
10 7
14 4
14 3
14 2
10 5
14 1
10 6
1 14
10 3
10 4
10 1
14 9
14 8
14 6
9 14
9 13
1 10
1 11
10 0
9 10
9 11
3 2
3 4
3 5
7 1
3 6
7 3
3 8
7 5
3 9
7 6
7 8
4 10
4 11
4 12
4 14
13 4
13 2
13 1
13 8
13 7
13 6
7 11
7 10
7 13
7 12
7 14
2 1
2 3
2 14
2 4
2 5
2 13
2 6
2 7
6 3
6 4
2 8
6 5
6 7
6 8
11 10
2 12
2 11
2 10
12 5
12 3
12 0
11 14
12 8
12 7
5 10
5 11
14 13
14 11
