50 591
29 34
1 0
30 24
30 26
41 32
18 26
41 31
41 30
41 36
41 34
0 10
41 39
30 12
30 13
0 29
30 14
0 26
0 25
30 11
19 7
19 5
19 3
18 37
18 33
41 25
18 35
0 20
41 29
41 27
28 44
29 10
0 37
28 49
0 5
28 46
0 6
41 10
17 31
17 35
41 19
41 17
1 18
29 24
1 19
1 17
0 47
18 8
18 6
18 14
18 15
40 35
18 13
40 39
0 43
29 18
0 40
17 40
28 23
1 25
29 6
29 5
29 2
16 43
39 42
17 10
17 16
39 47
40 23
28 19
40 28
28 32
1 36
17 18
17 7
17 6
28 30
17 22
39 36
17 25
1 33
27 32
27 33
27 30
2 16
1 47
27 34
1 46
38 49
16 19
28 7
28 3
16 22
39 22
16 24
2 11
1 44
28 11
39 2
39 4
28 10
39 5
28 15
27 47
2 25
2 24
38 39
16 4
39 11
39 13
38 47
27 39
10 18
33 18
32 49
33 11
2 35
27 9
10 11
10 12
44 31
10 13
27 6
10 16
44 26
44 27
44 29
21 24
44 24
2 34
38 3
15 2
32 36
3 19
38 5
3 17
3 15
38 9
2 47
44 21
15 6
10 26
15 4
44 15
21 38
44 12
21 33
43 45
2 44
32 41
3 10
2 41
26 3
49 4
49 5
49 7
32 21
43 41
26 8
49 0
20 37
20 35
20 36
43 32
43 33
20 32
43 35
3 24
3 22
32 15
37 7
37 8
3 39
3 38
32 13
31 44
21 20
32 19
37 0
14 8
43 25
43 28
21 14
21 13
43 21
20 45
43 29
48 5
31 38
31 37
25 1
31 32
3 49
3 48
3 47
4 16
4 18
48 0
25 7
48 2
20 15
42 45
20 16
4 10
20 14
42 48
19 35
42 47
4 14
42 46
19 30
19 31
3 42
43 18
3 41
36 2
36 0
31 29
42 41
31 28
19 49
42 33
4 21
42 38
20 22
4 23
4 24
42 35
24 5
31 14
31 16
24 3
47 8
24 2
31 10
47 9
24 0
30 43
31 11
4 39
47 0
24 9
24 8
42 23
18 43
4 33
4 35
19 14
19 10
35 5
35 3
35 0
30 32
4 48
30 38
19 26
42 11
41 43
41 42
42 16
41 45
46 9
24 21
35 37
5 28
12 36
47 22
12 39
47 20
23 9
12 38
46 4
9 5
5 20
5 21
47 19
5 23
47 17
46 48
36 13
24 13
35 45
23 47
36 11
36 10
23 48
35 42
34 6
11 6
35 29
11 5
34 4
35 28
11 3
35 27
34 2
34 1
13 15
46 45
13 17
34 7
46 40
46 36
13 21
45 7
45 8
34 49
22 4
22 3
22 2
22 1
34 46
6 18
12 13
46 31
45 1
6 19
8 6
12 19
45 6
12 18
22 8
8 9
5 42
46 28
12 20
46 25
6 15
35 23
23 29
5 40
33 4
10 6
34 36
10 3
23 42
33 2
23 43
24 12
10 2
46 23
12 28
12 29
45 49
6 22
6 25
6 24
45 47
12 32
35 12
34 43
35 11
34 44
10 0
34 42
23 39
34 29
34 28
23 10
7 1
6 39
45 41
45 44
46 11
44 7
21 9
22 35
45 34
45 37
32 7
34 16
32 3
33 44
23 22
7 18
11 33
11 35
45 28
22 48
6 44
7 12
22 47
22 45
23 15
23 16
33 39
20 6
20 3
10 33
43 2
6 4
10 34
6 5
43 4
10 35
43 6
6 8
10 39
45 17
7 22
21 49
45 16
21 48
22 16
22 15
7 26
21 46
44 45
7 25
45 12
45 15
7 28
10 41
43 0
45 14
22 11
34 11
33 40
7 20
22 19
31 9
31 7
31 6
31 3
22 30
10 45
44 42
10 47
10 48
10 49
11 17
7 35
44 39
22 24
7 39
22 23
7 38
33 32
33 30
26 46
38 29
5 6
49 45
42 6
42 7
7 44
38 30
15 32
38 31
8 11
38 32
38 35
49 39
15 34
15 33
8 10
27 21
27 20
30 6
30 5
27 26
37 48
38 18
38 19
15 37
8 23
16 10
38 20
15 47
16 15
8 26
38 24
15 46
38 25
49 28
27 18
27 16
30 0
26 23
41 3
49 26
14 39
41 5
49 24
14 37
4 7
4 8
4 9
8 34
37 41
14 40
8 38
37 44
49 19
38 14
48 49
41 2
15 11
49 16
8 32
26 36
37 26
48 46
15 16
37 28
48 40
15 19
9 14
37 31
37 34
25 30
3 5
40 4
48 35
40 5
40 6
13 47
40 7
14 15
37 18
48 32
14 20
9 23
9 24
37 21
14 24
14 21
40 2
9 27
9 21
9 20
26 10
25 41
25 44
25 43
26 14
26 13
48 25
48 23
48 20
14 29
14 30
9 36
14 31
9 34
48 19
37 10
37 12
48 18
37 13
14 33
47 48
36 46
9 32
36 41
24 41
25 13
36 26
36 25
2 5
48 13
13 26
2 6
13 27
48 14
47 43
2 8
2 9
13 25
48 10
13 29
9 47
9 48
13 33
13 31
24 35
24 36
24 38
9 43
9 42
36 18
25 24
35 47
47 30
14 12
13 43
14 11
36 24
36 23
36 21
25 19
25 18
