686 513
101 382
550 169
377 667
264 56
165 201
240 517
123 337
537 42
35 394
189 24
51 243
155 285
622 92
167 559
258 91
208 10
100 87
476 293
369 217
258 261
341 416
169 434
613 477
205 86
606 301
510 118
353 16
493 98
574 302
463 298
254 325
488 258
500 590
653 399
682 427
286 313
372 534
655 293
348 38
371 680
294 491
137 49
239 550
541 665
213 560
555 486
212 643
636 121
572 12
171 568
35 518
623 16
581 637
169 278
416 640
25 530
409 672
203 598
64 554
393 643
112 476
171 225
273 69
141 222
390 661
80 218
644 684
592 325
202 58
531 176
513 641
148 44
485 667
463 311
6 350
528 490
400 153
133 669
184 33
23 174
303 579
304 185
395 76
512 361
72 669
437 343
589 657
83 147
202 62
120 137
383 185
31 415
153 270
349 454
676 234
577 85
562 321
404 470
548 304
635 58
366 111
467 238
581 655
660 641
104 616
468 231
230 657
567 505
662 288
231 299
192 130
630 180
578 46
486 635
18 131
364 207
104 264
367 26
381 333
155 569
587 123
458 184
629 156
149 49
366 500
474 653
592 614
85 130
533 478
161 273
635 561
182 448
305 45
458 669
511 250
489 232
643 144
554 23
506 392
641 602
141 88
34 532
558 586
229 1
675 545
577 89
607 502
75 97
190 442
184 239
158 192
100 540
291 201
636 221
352 403
200 53
254 134
503 70
647 259
533 345
104 268
254 365
389 192
161 533
331 624
591 188
160 86
661 650
13 163
522 471
219 143
437 127
444 37
583 579
655 173
448 483
299 187
301 403
249 315
671 375
343 612
525 545
304 468
537 161
521 194
147 272
411 224
649 201
646 615
196 586
99 338
64 354
256 244
628 107
331 467
39 398
415 441
185 645
438 638
405 669
330 409
681 105
621 198
91 497
476 238
554 238
99 500
532 618
621 328
171 160
266 294
2 484
54 92
587 314
148 534
601 588
343 475
56 542
513 597
231 453
354 469
458 307
347 168
217 599
61 573
464 607
530 474
515 143
552 402
514 46
308 554
32 489
63 277
46 630
631 217
452 106
642 230
38 267
24 269
169 18
625 328
127 586
365 145
434 104
602 6
485 635
642 538
90 582
380 534
577 24
441 20
343 390
559 38
520 271
414 242
459 252
164 255
62 575
246 154
612 372
577 303
46 550
595 320
31 372
357 434
288 387
72 228
557 160
643 77
474 78
127 646
209 161
170 415
309 188
475 509
93 168
635 466
369 630
635 434
487 356
95 189
605 611
120 228
463 285
570 541
554 4
485 457
659 482
668 228
377 34
522 417
403 190
314 476
629 587
329 460
109 480
582 572
657 120
173 332
167 175
153 41
475 323
599 423
83 288
619 471
222 444
599 560
77 530
67 380
560 91
579 274
99 15
459 309
69 478
378 3
262 441
431 231
191 574
603 128
333 337
587 179
324 448
557 41
194 465
42 580
460 271
397 119
441 229
377 304
588 95
543 291
269 37
451 321
654 185
199 173
436 236
377 121
606 293
69 368
476 584
681 341
397 2
516 145
410 325
332 252
301 104
546 679
49 10
480 116
58 246
305 582
113 190
434 395
297 576
682 220
177 118
275 667
220 168
215 493
340 475
253 150
29 78
579 343
520 206
633 483
678 584
556 388
484 483
349 13
44 664
584 511
576 391
533 82
215 15
175 556
436 653
62 122
307 315
417 167
57 591
402 486
304 295
625 567
131 178
237 557
285 544
620 52
144 413
423 619
143 615
380 173
41 538
477 245
668 509
191 14
141 440
487 339
476 485
588 440
344 116
137 67
320 665
652 252
634 116
408 242
505 681
322 232
302 673
673 366
109 110
658 180
424 159
250 436
591 669
598 455
627 354
35 570
197 52
380 590
404 47
615 554
473 576
124 214
191 228
470 74
51 403
345 508
34 412
581 241
634 213
587 339
470 476
456 81
124 404
104 677
436 615
382 582
569 345
50 181
51 279
408 270
163 8
315 617
471 364
216 29
431 462
10 329
316 514
290 389
528 46
641 474
259 676
339 397
452 127
414 312
81 271
598 91
595 375
594 341
601 454
72 665
84 105
380 613
417 98
614 461
243 44
440 409
517 398
219 556
156 244
672 280
294 309
390 116
434 531
1 216
679 614
649 125
525 182
540 667
573 291
97 118
676 256
462 574
213 480
206 538
295 554
670 599
67 486
212 49
268 561
94 163
584 381
213 407
238 401
317 289
538 647
592 140
82 340
180 260
288 621
476 419
653 519
399 97
90 11
630 152
207 545
166 654
198 475
510 86
526 120
674 593
456 513
486 499
