664 371
62 574
457 257
1 587
133 31
566 557
20 183
477 15
72 556
100 436
403 363
122 584
272 379
179 65
57 553
289 588
175 572
51 268
352 320
277 246
448 246
587 112
558 272
403 31
241 9
662 0
40 59
83 406
259 395
553 90
633 390
374 49
558 407
152 335
633 393
311 233
256 230
142 472
544 266
36 394
196 154
395 202
513 278
389 495
589 222
653 58
202 112
313 170
162 79
306 466
200 95
453 393
105 117
410 266
525 540
222 618
574 26
599 654
500 209
363 351
298 369
285 566
280 274
518 106
422 72
236 57
154 31
97 610
447 470
267 400
282 568
27 43
529 61
597 193
363 119
331 346
494 248
613 505
625 33
153 414
62 509
75 432
275 221
177 192
246 252
606 425
507 610
377 347
427 438
369 454
202 37
303 516
253 15
168 199
327 504
541 386
383 148
193 92
583 140
495 526
211 29
478 646
483 583
250 532
567 587
239 650
551 214
404 376
468 555
322 485
478 148
352 250
171 96
357 160
1 496
400 426
616 372
479 101
367 43
499 35
225 415
28 23
468 271
598 571
486 510
480 110
515 616
237 145
200 453
200 520
478 374
17 270
379 269
30 177
314 273
72 68
13 126
148 139
357 547
1 417
335 389
501 582
298 401
391 484
0 159
472 385
585 42
268 591
495 60
326 22
122 54
461 275
432 652
513 561
191 327
649 94
523 260
149 465
151 435
131 95
401 42
657 69
71 87
222 0
72 524
180 264
281 621
117 3
52 461
210 606
622 582
626 142
462 112
277 68
285 145
430 454
494 258
598 139
348 370
106 335
178 307
27 188
411 82
494 305
463 365
544 196
510 165
544 636
340 363
313 578
153 71
394 421
468 371
131 428
659 166
318 198
98 92
656 221
493 139
427 353
220 536
593 577
74 48
47 645
74 211
619 519
103 66
372 359
93 281
269 366
489 120
389 266
474 467
382 455
83 49
447 615
103 50
393 649
39 482
178 605
274 50
418 519
282 254
592 26
23 72
535 475
202 99
322 494
456 164
649 575
225 251
192 127
140 31
466 518
265 71
607 167
138 646
495 303
39 174
506 183
308 44
533 610
57 84
59 616
559 339
518 224
26 19
504 444
367 4
475 382
507 380
376 537
165 217
72 538
225 30
69 381
482 146
220 212
116 118
82 426
299 36
80 278
363 29
444 371
341 579
365 460
186 341
419 205
231 249
608 468
661 355
503 239
604 596
344 519
244 638
237 361
8 563
172 230
127 582
184 264
392 545
454 485
97 261
538 248
660 480
20 642
263 33
403 592
631 263
203 606
352 535
246 297
362 332
365 482
451 129
192 31
46 506
586 587
158 281
546 22
641 412
503 439
379 339
44 549
589 111
260 637
242 6
194 150
598 20
135 176
411 11
8 307
10 523
28 92
314 196
383 426
64 328
446 615
4 406
160 114
299 17
116 577
94 367
661 563
495 581
167 140
19 544
452 306
184 478
456 500
252 235
61 570
15 463
268 543
527 429
249 451
6 391
345 205
490 285
115 294
488 404
8 248
30 315
352 110
316 448
378 661
110 201
480 328
249 543
421 569
655 45
236 19
393 94
406 549
240 188
136 561
455 405
350 402
545 192
608 43
315 110
512 397
293 291
452 289
82 331
598 403
233 281
357 567
488 563
32 165
564 89
407 600
