729 608
76 549
170 233
523 285
694 161
722 699
405 562
622 589
665 601
118 337
189 408
369 575
677 422
297 83
445 700
112 307
223 305
574 407
57 304
86 245
362 170
256 479
7 78
725 578
367 90
223 112
287 671
102 662
728 530
679 255
558 666
524 545
321 245
250 256
22 699
591 625
658 672
571 327
598 609
303 32
521 590
586 485
601 725
439 216
339 622
709 478
494 449
68 561
422 163
693 708
319 574
92 353
40 195
10 486
255 553
650 0
710 197
463 685
388 342
33 108
183 186
674 608
348 248
61 524
183 248
228 17
568 662
509 608
489 669
495 443
710 86
182 671
362 43
506 311
522 529
360 290
299 205
177 360
169 214
467 62
138 489
368 445
271 254
300 178
98 87
10 200
519 183
566 548
270 155
495 523
367 722
158 262
554 228
328 390
50 511
150 50
113 520
395 253
521 150
710 272
518 657
401 414
132 124
571 482
716 49
236 471
376 339
386 558
271 285
85 38
0 367
617 704
174 715
669 205
254 142
279 118
286 139
660 470
429 597
140 315
583 663
656 139
100 559
42 87
224 689
68 547
710 536
473 538
551 406
420 721
280 74
6 213
316 625
266 279
179 1
225 393
155 606
528 591
438 267
538 342
552 529
345 408
130 116
714 240
450 3
280 450
170 715
448 547
86 146
39 395
506 368
657 222
576 2
705 445
403 395
671 162
116 376
432 162
594 457
125 476
405 644
22 467
600 40
323 427
258 296
433 415
218 462
306 193
395 608
347 665
122 294
402 83
693 50
528 246
474 718
657 556
44 85
140 163
568 257
726 437
504 498
665 220
177 147
362 255
103 600
432 483
538 450
112 197
601 632
32 474
0 655
335 223
666 321
60 279
712 711
475 518
645 243
560 245
346 297
123 25
77 214
66 12
82 350
479 644
95 38
418 367
718 159
117 590
494 188
234 339
120 142
162 133
531 24
485 390
181 677
255 577
710 41
191 358
406 312
31 152
721 326
680 428
194 400
566 212
64 372
112 326
334 641
69 83
598 403
189 164
541 675
320 386
686 192
287 210
692 671
577 11
605 186
338 613
18 81
349 703
614 164
526 373
74 722
584 204
674 667
81 178
483 715
230 411
696 258
510 703
156 171
692 195
651 66
173 428
667 580
440 718
214 638
12 527
81 519
486 308
725 372
163 337
331 332
487 255
595 364
587 350
48 299
162 193
463 148
680 301
369 170
706 422
60 430
561 6
341 78
504 320
215 642
494 101
384 590
274 349
694 646
727 443
675 60
492 254
651 369
607 528
716 73
484 685
651 349
447 116
494 115
310 403
126 370
187 362
32 569
446 299
172 159
577 573
363 500
151 347
277 234
503 400
583 291
189 541
654 415
119 346
67 603
476 224
125 142
148 650
378 54
115 574
488 424
143 707
523 94
684 645
719 128
328 601
441 571
474 334
417 387
588 89
493 601
210 234
426 190
518 155
681 131
156 146
300 572
61 352
66 400
593 670
683 410
633 242
447 581
430 211
351 264
556 645
520 565
42 118
409 414
411 427
331 98
694 361
298 581
20 296
158 530
90 265
701 353
530 129
29 122
288 263
654 570
569 490
171 498
133 116
476 248
340 249
647 139
717 609
623 472
158 300
93 311
9 10
591 359
686 506
292 415
216 599
486 464
636 105
110 208
238 462
707 434
595 47
355 164
474 580
581 327
628 270
85 633
470 361
597 358
377 255
503 75
354 317
93 547
505 53
426 652
54 47
505 605
646 600
389 712
711 698
360 92
458 703
268 412
97 555
229 398
651 582
300 408
576 71
34 357
137 429
672 344
83 280
345 446
713 573
340 242
87 554
168 382
624 396
593 645
41 478
588 135
85 196
531 665
41 237
648 457
323 673
564 249
192 3
183 114
516 581
59 487
38 641
477 517
607 163
403 482
588 448
187 167
529 204
163 203
119 124
569 222
338 37
728 164
298 689
267 575
192 206
189 537
174 648
707 637
560 726
0 220
390 140
308 271
283 326
364 453
550 624
84 457
696 568
21 618
40 698
481 474
440 87
722 643
547 461
557 542
97 226
236 142
613 7
377 548
192 498
684 547
584 96
245 56
48 368
41 295
37 545
243 238
381 273
715 194
489 493
477 422
695 700
485 89
460 148
648 221
282 471
384 537
318 394
78 208
53 142
417 429
286 502
395 699
717 201
510 654
154 189
446 683
102 616
692 723
274 69
430 31
648 238
452 81
479 667
127 401
559 101
696 341
270 18
141 599
33 699
708 385
34 418
454 605
436 252
234 103
2 168
693 90
188 380
59 728
583 596
664 702
323 650
666 115
309 698
177 490
404 70
399 455
199 90
3 236
489 69
691 163
599 425
210 164
319 650
646 541
279 73
558 46
170 534
716 425
305 55
513 567
368 238
722 564
26 396
97 540
491 164
19 496
366 276
370 576
240 400
562 311
235 237
366 645
315 506
310 522
184 572
541 37
151 297
22 613
178 307
181 726
727 637
266 105
530 412
72 653
376 656
269 514
563 83
698 32
714 242
348 671
658 41
612 552
676 449
256 352
629 38
307 585
130 188
260 532
592 663
30 489
595 637
430 580
124 706
263 152
595 184
279 420
308 556
417 112
204 490
716 271
652 361
722 524
547 533
621 249
577 150
674 230
697 417
37 522
480 90
81 385
449 111
390 642
188 88
555 596
122 351
342 103
340 373
92 649
266 665
530 602
720 715
78 539
559 11
289 657
380 514
430 417
