836 453
690 746
92 658
247 670
657 815
431 106
417 409
342 466
509 235
71 784
329 365
426 282
511 217
561 87
181 779
60 35
568 654
293 26
709 406
794 287
448 552
562 454
625 676
571 739
599 247
324 5
668 495
348 560
323 744
415 167
676 365
109 207
718 527
602 413
260 709
640 423
334 29
500 363
208 211
28 679
95 493
658 625
531 348
246 282
735 566
227 90
796 196
480 541
482 531
182 385
676 126
588 313
493 76
158 245
37 236
589 359
475 577
821 742
798 750
698 833
231 610
236 208
496 565
604 240
99 351
356 593
723 581
32 294
543 291
360 107
686 421
146 502
142 470
132 753
465 679
163 596
447 105
635 137
314 31
627 280
789 66
649 568
255 810
227 357
4 730
389 787
601 425
819 161
385 21
16 94
684 457
53 64
152 250
563 164
480 614
831 622
365 806
485 16
9 238
693 658
818 427
542 287
611 668
556 703
422 66
64 289
454 379
711 88
693 794
705 143
151 714
294 230
141 729
119 535
357 391
178 146
311 328
742 829
160 298
201 317
75 700
65 58
812 365
683 601
739 609
729 512
59 788
123 218
548 439
279 694
466 139
629 540
406 249
38 423
12 176
435 157
283 664
2 416
614 708
36 205
4 107
10 177
575 242
14 560
479 758
806 442
173 717
516 360
103 332
177 575
698 316
228 382
555 26
800 741
640 86
834 187
206 475
548 460
116 542
546 232
632 92
192 649
502 313
118 391
271 287
692 327
627 708
193 93
434 1
390 819
333 509
424 121
174 544
378 374
366 153
317 114
53 576
152 553
747 171
345 313
494 746
92 171
711 238
4 664
278 697
640 95
103 253
591 583
39 226
471 185
184 102
59 813
698 182
314 534
76 379
244 205
231 44
130 82
733 444
19 41
453 432
602 100
834 374
833 282
55 9
143 173
719 521
51 85
611 491
317 296
58 762
563 603
540 706
505 379
270 53
133 582
585 108
218 809
825 492
392 681
526 590
14 701
140 490
188 107
276 275
200 701
99 448
127 424
745 335
188 516
183 691
726 566
99 813
145 261
661 511
487 268
15 700
463 311
477 125
202 790
576 421
651 223
226 629
742 827
507 295
557 587
182 632
3 393
186 70
629 558
528 31
151 816
56 84
572 317
24 218
414 482
404 694
665 214
575 493
4 728
414 135
391 133
325 454
623 755
664 375
551 258
172 348
195 400
74 425
432 383
671 609
332 296
468 593
600 132
402 460
487 452
306 559
745 809
714 739
79 765
646 141
198 202
403 258
672 652
392 424
166 259
820 814
350 827
671 139
38 811
343 790
650 78
490 646
261 565
19 817
6 678
627 316
316 813
439 97
384 829
220 416
532 35
666 221
643 339
694 427
820 565
514 604
46 654
515 536
573 279
188 310
652 479
557 703
820 749
83 450
734 173
386 102
660 404
238 598
88 129
228 710
678 131
792 660
625 308
517 266
834 496
779 420
330 438
485 199
746 516
447 415
744 299
488 253
727 630
670 505
811 659
110 496
624 424
564 615
603 25
671 492
320 616
417 233
691 333
170 679
401 147
380 29
286 440
188 790
753 121
795 258
507 235
712 764
494 275
634 669
91 548
742 517
496 718
55 523
499 719
530 71
570 718
132 832
424 569
251 125
554 540
806 125
557 589
365 662
172 555
678 663
377 701
761 634
115 831
268 325
215 561
686 757
782 785
77 65
223 495
308 645
406 48
78 370
424 791
763 35
618 257
264 359
170 241
709 150
52 36
75 798
751 1
373 174
71 531
262 166
335 306
344 46
613 621
455 810
521 275
683 487
284 97
784 670
597 62
778 538
146 562
691 116
702 65
65 133
302 314
663 81
134 804
410 17
607 89
403 759
208 676
629 585
214 547
533 166
395 88
377 649
808 181
414 236
785 187
227 595
200 288
340 142
479 512
538 639
250 236
566 758
427 708
333 19
206 264
398 702
813 110
232 480
345 38
236 569
723 326
795 190
361 293
12 787
302 512
524 443
29 361
272 71
203 468
376 648
691 83
607 184
350 748
538 625
532 731
