119 91
45 11
112 56
28 115
23 11
80 21
50 108
45 48
73 31
85 73
73 110
53 60
84 71
78 34
49 114
106 112
63 67
78 65
87 54
99 10
72 18
79 19
84 67
64 44
60 24
40 30
64 32
108 47
52 91
108 28
98 60
101 0
77 79
94 114
93 16
43 65
82 26
11 46
69 61
79 65
110 42
54 112
51 25
94 55
78 99
66 100
63 62
63 42
23 18
65 59
85 97
54 37
15 114
96 21
96 98
26 46
29 32
40 76
72 23
36 70
47 75
12 34
14 94
62 103
115 11
12 25
11 10
10 17
77 34
74 28
79 77
81 25
14 40
85 89
2 83
113 28
56 68
55 28
34 76
5 118
10 117
61 17
55 98
82 40
4 95
90 33
3 115
12 96
93 13
14 64
62 65
29 68
