902 678
476 775
433 41
364 52
453 666
599 588
365 654
242 410
856 118
357 330
182 501
332 44
642 806
106 512
233 93
879 109
527 266
426 816
66 816
448 559
398 225
66 315
377 732
142 481
449 210
690 347
124 240
52 14
755 240
762 421
795 394
760 651
4 329
73 532
243 177
484 102
680 353
780 123
875 242
737 96
831 491
104 253
244 167
722 325
505 250
310 116
26 490
195 263
761 19
676 563
595 848
606 35
320 551
870 817
116 122
587 49
280 29
575 453
737 230
705 97
257 779
560 258
327 41
42 898
268 587
248 210
414 394
141 645
602 476
802 483
109 730
670 346
535 238
96 733
90 649
233 748
736 415
100 526
424 131
189 608
80 862
441 300
890 58
557 765
426 274
370 632
347 324
891 843
206 312
772 688
375 706
12 472
360 691
491 316
287 853
198 719
63 565
532 373
674 747
241 759
744 260
887 303
307 404
122 10
102 364
641 103
321 715
792 412
748 56
115 413
897 17
416 584
153 41
618 540
153 822
585 217
733 747
880 832
254 71
347 549
827 246
332 78
788 397
150 848
581 190
839 228
506 262
560 667
468 271
186 60
693 807
279 895
733 670
768 532
529 425
522 97
839 334
751 380
256 197
875 410
479 600
536 657
675 476
812 674
234 787
19 579
40 407
752 517
243 864
625 610
893 624
656 261
616 288
114 616
392 529
591 461
13 457
872 797
713 791
802 128
348 164
169 18
573 536
234 502
98 238
129 446
233 872
218 425
148 111
600 891
430 322
685 609
87 376
876 855
717 345
129 357
228 867
474 396
335 38
834 378
300 677
685 309
664 893
616 115
21 77
16 297
304 603
409 152
387 608
525 708
159 709
452 499
510 811
266 393
539 377
253 890
148 691
226 586
267 114
663 245
389 827
717 878
777 558
373 55
897 492
775 661
813 313
901 833
446 561
440 776
113 674
674 730
157 407
624 808
485 703
339 542
684 378
805 337
394 382
294 450
705 123
808 466
216 266
832 837
165 195
452 156
232 209
796 24
219 614
519 532
12 92
136 600
896 551
636 288
292 532
88 503
291 181
667 195
143 757
713 411
31 352
881 649
822 59
162 211
208 480
554 678
873 553
251 243
811 555
547 57
450 468
302 893
691 861
205 717
433 829
767 253
66 541
269 822
732 627
386 439
176 856
734 478
615 550
626 632
819 574
509 288
749 114
543 318
413 588
720 351
471 602
797 799
278 181
395 452
40 608
788 188
803 270
422 127
265 830
826 511
415 877
513 548
614 142
284 522
297 740
28 234
187 251
33 412
73 579
888 338
789 705
462 544
709 290
568 532
133 21
364 400
187 734
363 418
591 482
146 830
715 308
310 288
269 692
401 641
578 619
894 497
746 250
890 785
430 785
366 78
414 863
733 135
656 681
747 649
696 849
704 376
231 896
377 436
762 339
118 176
527 780
758 777
110 52
642 856
381 366
405 688
502 352
346 339
672 726
124 31
396 795
531 842
715 783
299 663
251 816
165 701
849 685
392 434
101 773
864 690
723 343
810 660
424 552
222 746
118 160
837 247
1 888
394 327
48 209
619 55
3 617
817 196
523 405
400 545
219 725
409 181
156 332
491 742
333 178
587 758
784 723
466 742
429 868
614 333
880 154
732 95
570 575
879 551
489 775
685 535
337 759
753 25
183 823
720 501
456 50
35 284
411 527
451 400
369 824
877 548
674 785
294 580
249 744
210 877
212 494
10 485
168 871
568 88
724 595
867 713
200 886
772 276
776 194
173 378
819 86
356 82
652 516
283 155
83 622
254 127
437 694
114 286
114 772
895 206
111 261
188 654
471 278
178 681
35 588
475 515
474 592
780 449
237 731
380 2
321 815
404 117
274 790
175 626
465 541
218 804
27 771
737 234
244 626
677 611
176 356
719 452
127 128
202 740
775 477
76 148
717 799
86 209
685 81
779 138
848 179
713 457
596 467
223 506
621 264
589 550
519 898
722 743
543 34
873 756
339 313
391 668
633 607
758 751
482 882
746 92
468 209
872 150
629 145
185 481
333 224
677 210
188 579
389 650
161 809
692 529
538 823
618 592
378 741
620 83
345 94
284 457
832 179
135 485
262 380
359 750
285 823
765 699
477 780
456 421
212 632
644 99
524 363
254 858
375 417
205 374
200 367
43 306
144 634
850 139
711 837
149 733
234 607
243 726
780 468
293 279
645 51
58 746
805 86
83 825
403 773
28 48
839 420
556 523
367 742
390 3
488 466
305 733
706 708
60 138
242 382
399 420
593 757
337 94
651 272
475 783
133 675
601 219
609 116
165 495
531 43
829 867
95 267
69 599
162 63
464 693
88 493
663 268
641 424
23 640
558 636
319 560
714 97
553 168
773 112
441 649
264 223
235 621
768 781
203 235
459 897
561 560
790 861
763 734
858 401
47 425
87 543
706 848
755 365
416 515
225 437
419 280
213 744
408 428
143 514
298 304
822 226
527 148
233 503
110 299
631 146
737 84
533 281
326 151
426 344
894 196
152 130
873 232
56 399
59 320
840 71
115 713
189 57
454 846
725 84
505 240
747 402
805 87
352 1
688 575
511 540
80 224
618 803
769 642
655 772
343 825
222 3
600 822
626 352
48 504
869 314
306 513
867 484
804 232
640 46
583 149
745 451
660 183
858 275
390 161
65 449
360 151
283 202
81 894
816 422
297 348
637 317
645 241
321 806
519 401
191 517
401 570
884 308
307 635
584 701
735 321
187 556
381 696
184 447
471 184
220 555
7 270
204 808
541 595
456 476
602 897
602 567
8 540
463 161
513 765
509 393
13 163
386 237
412 47
743 293
121 844
365 430
282 729
624 23
699 397
614 559
93 719
465 0
499 358
750 810
836 231
257 868
498 94
687 827
717 543
153 121
218 297
722 550
200 630
223 539
475 16
753 115
725 604
517 559
169 328
120 117
505 527
102 42
26 114
541 724
225 573
98 698
268 556
169 153
901 768
115 289
312 435
150 750
484 486
482 438
190 877
153 348
115 694
816 486
162 618
123 558
600 739
173 291
837 102
742 149
