297 295
72 61
67 74
99 137
23 126
165 154
217 2
83 119
262 39
7 262
82 75
278 33
108 54
288 177
50 287
4 211
68 19
49 119
26 192
109 129
79 138
141 206
150 265
146 225
233 50
85 194
70 237
41 200
47 178
146 211
73 192
35 79
51 5
174 243
222 95
24 11
273 117
267 29
263 127
76 4
53 293
145 281
12 113
200 46
121 34
50 146
23 293
279 57
134 80
48 126
241 264
174 156
230 136
196 144
62 185
108 60
248 239
288 211
190 0
189 105
129 4
8 254
240 248
288 52
232 223
48 56
74 0
116 114
95 0
177 22
102 5
34 250
176 79
23 294
229 93
76 150
269 38
294 97
76 149
176 78
234 87
176 261
123 24
72 124
93 83
268 103
282 95
195 55
44 16
117 218
250 119
90 230
274 271
263 159
180 5
36 41
162 271
56 221
281 266
134 127
61 259
146 9
17 44
162 207
118 238
7 227
105 256
236 160
249 60
78 158
19 155
0 197
152 120
46 226
119 262
231 146
221 272
135 146
44 35
271 296
239 79
123 208
238 253
124 219
8 207
157 173
108 219
199 61
5 246
226 27
154 99
137 135
223 154
55 198
258 20
259 8
192 227
79 0
13 240
179 178
241 219
73 122
263 223
184 237
224 103
195 8
147 26
121 212
40 112
186 295
93 172
75 188
177 64
79 97
262 43
184 64
95 245
288 157
200 194
244 252
140 262
48 72
261 186
186 165
34 281
248 96
155 212
248 125
169 41
199 93
224 172
112 135
124 54
9 228
6 135
182 279
220 64
231 248
252 117
139 235
78 17
97 124
261 284
273 203
251 180
70 117
274 39
52 90
5 269
243 262
287 144
195 259
266 242
34 89
21 165
100 173
35 247
131 123
149 220
242 71
146 124
235 84
153 25
168 98
115 278
97 290
18 45
106 257
87 248
106 104
96 275
112 271
99 98
231 183
121 269
270 14
113 72
134 71
211 282
230 165
60 186
68 209
195 33
100 259
66 249
35 191
295 3
144 279
101 248
2 269
120 94
295 118
257 21
226 97
23 19
275 15
74 205
52 277
237 246
17 35
213 91
152 103
200 279
108 277
68 74
20 214
217 30
259 52
8 159
267 219
221 45
150 192
67 60
296 165
221 62
149 138
0 83
286 87
3 133
83 56
35 216
237 27
127 231
268 15
65 171
110 42
18 275
168 213
152 176
31 27
176 87
177 278
175 210
267 191
164 124
119 26
47 140
159 166
146 274
130 272
291 67
31 19
79 182
117 199
296 138
211 197
204 243
26 76
200 235
32 96
159 285
254 184
213 251
230 14
233 168
8 248
