337 156
140 46
34 83
54 133
208 189
206 213
6 142
70 156
199 138
197 190
260 177
209 239
101 133
297 118
201 283
65 0
233 176
158 317
81 205
293 140
332 57
261 123
168 83
49 21
67 220
251 303
98 242
222 67
241 232
164 76
336 26
120 241
47 245
176 171
209 68
196 203
290 193
11 102
29 42
323 270
23 287
181 182
17 11
315 4
177 201
322 35
36 204
5 160
81 260
171 319
290 194
20 11
53 302
302 241
91 95
11 176
221 134
243 126
144 131
259 190
250 54
215 1
213 189
184 295
268 291
238 178
253 156
77 250
24 130
133 242
315 230
8 63
119 146
28 89
269 216
283 291
2 103
247 128
171 46
5 274
251 123
163 21
262 183
88 271
199 163
18 165
83 254
114 304
269 163
219 276
129 193
138 58
75 183
29 38
152 230
145 194
179 112
188 73
22 307
155 80
231 301
6 37
202 333
10 34
284 267
304 69
280 39
312 2
252 185
254 326
83 47
265 321
237 53
81 108
276 121
291 316
2 135
127 314
99 324
168 84
178 29
316 215
290 12
11 65
259 226
233 336
265 260
234 120
325 107
62 237
49 95
234 22
184 213
230 200
222 187
190 259
213 297
165 280
25 81
1 70
78 266
315 66
85 56
311 185
221 127
216 190
226 25
189 154
317 108
71 82
144 197
279 203
278 266
295 212
248 31
166 239
275 299
