879 108
123 837
528 743
574 437
257 496
752 806
695 817
768 172
695 232
770 551
0 72
630 40
580 804
522 446
265 620
172 344
134 5
445 630
238 394
423 818
358 40
114 371
89 646
405 231
204 66
347 147
148 841
835 761
710 251
642 557
243 557
442 587
64 545
163 293
816 635
572 78
373 644
652 313
612 516
815 564
138 427
461 642
85 449
839 770
516 484
153 44
650 496
13 233
766 755
156 252
480 670
221 207
709 52
645 843
248 180
276 772
184 404
44 366
415 498
571 237
260 656
411 480
78 270
862 711
481 596
499 88
839 255
359 499
588 80
663 339
59 234
189 16
301 769
722 36
210 54
57 6
482 252
485 46
807 788
562 713
878 224
433 175
735 562
647 868
550 461
520 856
197 416
637 16
594 696
797 245
254 511
736 820
525 834
170 837
330 733
151 278
241 777
184 319
678 748
158 224
205 243
825 745
179 653
178 36
34 1
531 519
542 142
518 349
618 89
