703873252
2951098086
2237708276
3367435458
1688022947
536635442
6096363873
1476727172
790850329
86836887
2500733109
9614975719
5040156655
5648984945
2067595506
1760157746
13623112376
4304584486
11744442697
4694149296
1784885298
583636994
1358201139
1733716605
2230656703
661211501
3364740423
1524559246
0
541703169
2156757485
594838577
3502019683
144157610615
50171570549
0
0
2503729534
3483375398
1729662349
1298631979
638711047
1824846833
14334746382
1425942234
639305863
2405638793
9069989036
1395765328
14086152624
2055428575
1241855620
15116942394
1476272158
2945947701
999843093
815611800
3858426261
5772088083
388067772
1925537203
368149191
2347093078
291894335
5682895268
101514199263
4650425996
2126045865
155002280
2660641918
988789111
3543539984
394034992
2578639413
430643849
4615799101
2050716647
5688504486
4204425827
8687984753
4822807428
509462860
258060521
372355168
1338456061
117071399
7218142739
17775137116
4332029087
2827506866
2255907665
2371619207
4492054056
1460616600
8971883925
1316250373
967819688
1942414594
0
1281389643
980444864
0
3978619652
845804211
1410456097
999135492
4486862307
3818549192
18443030958
0
1342257902
2320824305
7201979293
469150775
322185972
395651164
1456249439
620225631
6480745685
1315698374
445624441
0
617704578
423332487
2433776330
2813755659
945057141
957789687
394869283
16246348010
88261420860
1282545437
1351413625
2036994944
1233691901
5618017429
235682969
2125139753
7780369737
2169039609
3895655012
1508025165
1947848651
0
935388276
657998280
15112869103
958088784
1083723788
5713859182
2392100508
7705349061
6143356859
919656444
2291653263
871246366
331801150
1504017460
2712366632
3226573743
5998888646
1364863426
6746997711
1427112931
45387314016
380184662
842450436
1687398762
0
1725498681
16881333951
2055587881
601730563
285044294571
2325161488
5330995062
1321536598
1753375631
496950589
3332886619
1351338790
1539777668
1592729938
1491595082
1972822322
4130465632
440320354
0
1429246343
2055713648
630260147
0
1854003129
5242824445
3824593015
5973870926
9077049819
5239539321
5527146737
1667074871
4770480382
4629966360
2228597882
2974963393
3448855976
1999433474
33631245520
2508434852
6311651345
1057981543
2517231584
36880254736
2737440517
989376858
511826052
7421632779
0
619196383
3468592480
6785437300
2653439828
11591159668
2676416683
8220300835
1361079308
32922765251
2714430266
215151850
851165447
2012022762
2114690451
503267517
5865430757
462417464
3907944448
2954371891
2655700100
2415716307
664579908
79124836
1471126705
963544500
3247690824
996120784
4907226162
2653416764
183910246
403525936
0
3219215968
2232156682
3548151562
452698107
3224073632
1440755940
0
1976832854
1798357116
4205131320
5614749954
3358472861
36133965523
1225371110
1322020166
4506277289
0
1091513387
697574934
40859737807
1337742142
1086012115
1803857928
1159436194
635780920
1396467493
3354864164
2156090270
1861974541
9211643258
557313369
0
859833584
1373112043
235274545
1577931973
0
7121671950
2706009651
1416740930
1629406832
18691975001
1367560053
2324367781
588796307
9618624308
3991803573
1094587420
2751191693
8543588101
229069638
6249747280
4046181643
1167586398
1899717085
4516982463
3223041116
11237473793
252942240
1059216562
6298873275
882339114
3182453744
2014827004
2771533409
4289062009
1430371858
2149372575
50329500
7346348176
943767947
0
943767947
1267508952
3731472307
3416823799
2630499202
2192494476
6378690006
1603365831
715604577
0
1992753389
1489790906
2860439024
0
0
1513321130
2399753114
726678750
569641185
7343675940
158110328225
201505443
611645353
3666969295
3428779766
1043743039
2988257978
2547510543
7909983117
818144880
910050337
0
406311399
671684209
2029255626
2797937461
3937250130
2388529210
2050948027
1244982620
1923332116
4385924362
110915241
25674813
2247984730
1394307783
3683064386
3249304309
719148583
2229845552
1860771689
923160461
49812989729
2411519059
4417222537
1836775360
6450896410
1252184220
1168602073
4380598059
11769269439
7319292696
2690577199
1462167006
358248886
1773454699
982076976
3201147986
7629700219
886239575
1388907993
3878171163
1289435107
2792072606
1288760440
1467492354
6824368888
1812179673
417373912
40503883964
18952586985
5891059629
807267725
173417246
1084559663
5055178112
910823114
0
4102467485
1264732591
12118006502
858448239
989234040
5289207279
1581675075
309778180
0
4141300814
1111253080
3118448517
76908289167
1844472585
1459752481
2174286975
2801883368
0
1227171622
2205603648
11297083400
1267007302
3256317240
189683615
338960849
6537256019
59255836637
349465710
5561831430
0
805738431
611226929
48939931386
709120168
2622281126
943974632
0
3448767430
793614993
964170204
50329500
1212799480
7111243993
3223950516
3377003444
2450980590
827509640
803502451
141800853
2263668157
0
0
2677379504
0
2651496884
9419807545
89568149
13485316551
248874470
545335172
19811903472
2656234478
2012421021
1489813305
2182865467
625370542
1411130860
2487076948
916668696
6585410698
5770830770
0
36306921264
1393675898
8735033921
0
3631024202
2026784462
11599515162
782780476
0
350605985
407156620
2159404074
3149970024
1352097625
2185173258
1391164935
389284921
211328152
2380381617
7690554810
26329472325
961203674
1744180741
0
0
198375649
2946922328
104758672850
2553368858
6405003576
4868956617
1430678626
805248629
970498690
821777047
829045949
2405004115
439103469
462066958
1029884144
1800641538
140437192
7100294020
13147559812
2367429756
2746418486
7841431605
300356788
45089333160
11584490461
1184949631
0
784233199
124909818
11310942920
19214422556
1164781299
0
0
0
2926639300
1045313600
2812747395
1369492070
2055424171
2206399033
0
803940158
1824271088
1520519436
17601364229
71966038
160267935
772326152
2558843559
2336213214
599822565
3645334613
563027918
0
286789265
6622334615
986360923
17817911526
991877507
1793575601
0
897818074
2361177655
1615401144
2681363035
2413037847
907148077
1365072878
735762135
116898831
384450060
985422432
766503074
2661695534
30623576866
1234588614
2274142271
3418504949
1429310606
199020339
488126702
4261311780
1448254882
2184566188
0
2298277860
4284314291
3884842
974282639
3694952248
3040123058
3232267065
0
789695028
503069714
973533909
1235735084
7677909483
3713951793
2029054282
0
1651097109
1437091077
2075941390
1971113739
1492489769
0
0
131102931
888026813
2126080808
1938745923
990516050
949426769
3745222605
8162633933
29927174145
3090912947
0
309187530
3366159356
2313860873
1365943169
5284029770
967449406
1992692254
5845954024
3484496935
4330046069
912697831
769142136
521854479
3181548106
3287986089
926416333
2178370186
0
1815779021
5005090937
711127656
40017572333
1670664219
466945378
210659670
1593055090
1768170046
1317444806
1833349861
1742641140
831354850
3889883930
2305287614
3760070417
4498980487
1229525609
4148432910
918667491
669870035
2577072518
1836205292
2732548139
4539604125
1593783416
725532792
2736294460
0
15224707642
8303551437
12325316865
1629768991
287757475
0
1124546751
926716561
1615312237
2699487305
2786087846
270361481353
52203909
1470174249
795196823
1459036533
61382814220
354565152
2022015921
6086701692
134965839
0
806691533
13157754834
19678213700
601546961
517326194
703225746
1945356239
692046840
1866886395
4129148690
3194562309
2902729556
7506701894
12060051309
1628687407
6172568920
2695508804
1134028359
3437903096
82454663
8253957709
11746670491
747829624
1487217777
777869583
564735013
656575436
1513733659
3115938731
10961225851
10617135192
375522323
981176874
1966866227
3413711295
1174118894
0
1606513151
0
926662276
3645089180
883064435
672205239
207542573151
1864499808
0
3254468226
5649271811
1184503273
3210186096
2294916433
4239151739
0
2366950320
1023884438
736581209
1743168720
956836332
1217342057
1600563242
1030929140
853679510
6107373742
46952370622
815946410
431353087
459025860
1865812239
0
0
6732766090
1668138020
533934482
2092301871
949974590
637545472
204548788474
408929611
529567205
414362002
861359246
861647338
2639185319
3383675095
1355545728
786014843
0
0
1585021539
2255569581
15667013386
0
129429145
2584323365
2701836763
1489376154
2542110506
2879140306
19186509289
2473257186
2778485801
46095851
1402892231
7093678625
4370319565
1756524003
2863268213
73852238652
3994178017
1152537929
587355399
8384933760
9882687249
12016190600
8538692092
4936214940
4898999346
2761819662
1819082450
7550144598
546060686
5139201231
1272489710
39553895416
2409971494
0
258679551
5088915841
0
2444016172
1236597486
4249574582
0
26538393035
1395765328
1604304244
1574028731
924803711
1008315063
1859766829
901347985
2813755659
5619304371
197645696
0
7390987594
1691072149
2361667093
0
3265757061
159034295
306096592
1411582886
517469846
1476072417
84724190
1407991613
11621934835
1572058014
2018204531
439544493
1558905217
0
809095828
148901597
1111644353
3196219672
569236635
883934896
368922508
449368079
3488869234
944720015
2325581014
1774319413
2148399783
4897199476
5148857256
1970057655
2372993112
31393761181
1197459369
1893585177
1399923973
909117089
1777057847
3246660599
0
2260533259
3514151551
2233257394
2358861750
2641644849
2036626404
0
426898136
1066732228
2256512288
998794481
1200592888
1799801292
59431083422
25545651
13580578352
738738222
36859728951
3114972009
1010037333
19570964330
0
2480402492
3148476831
10838032295
2551119595
7302060706
0
198824146
124896930
687479800
7333688135
6846596700
2411268631
0
0
75127491
399119393
0
415019570
149232749
3480660369
1188049902
0
902566593
1769263094
824803157
9859325843
155270168
1551103200
631398815
1688093944
21592084760
1295027773
859128620
344444997
1225924866
55790427574
597388788
2548033387
9569005655
19554045664
0
85877549
1686267813
3612309202
7163363062
5257075138
613855549
1674540154
0
1766244304
1805587097
23565630653
888934153
1972818272
10453439052
2109720769
3267834336
3331252222
24710257714
3682315826
2324907746
2732870707
578228121
3413711295
3004404037
2334290333
1972051734
18933195006
1614472884
1253343924
687805647
301958883
2543322817
2710404160
199687591
0
2241986620
3458553573
91316275931
292316404
13782175242
817737444
820589497
3118246885
2423773861
5006857129
1335834398
29044314
2885733279
1115148718
2044718186
236686925
604482257
12703668198
1052069359
2561538066
251121422
1398720761
273806992
0
2174649670
2141532497
250254948
1223643425
5535835799
3391739851
2725928431
489674120
950824276
15548393877
4500020427
9526308717
23805300327
1897077709806
4849748948
3087619371
4301154904
1286931312
2535125934
24895984557
275454577
15662447228
2548221497
7162081673
3561126416
2956026547
5053060107
1773927095
39579539969
0
37856908969
2186776992
136279049
4259793691
0
1789686978
4323978328
453684442
54406843
15068155645
2621964131
26930392
1176826236
1800594387
2340294300
36383733
6157513743
628314348
5053494424
3280859291
10585780293
3123541104
1506915636
2214074649
793519515
1420465590
3423522095
671800555
855504019
15293949266
0
1019025728
24041687633
1472494880
112297269641
4357437247
5584055520
0
2714866942
174504785
18604340036
2405775518
528977005
995818762
984928155
1737058823
264105488
0
365562812
2868757031
486308193
1903465324
1748747912
9978914269
186218441
2806095044
844126841
628508575
5970359597
2338180900
2550519180
3323607193
3107170816
1560510739
2151019558
11847180032
776954343
601263481
4875067912
0
2400730141
0
864263627
1031548878
1943818282
1149224152
1688324069
98114003573
5266624685
3839127540
1189396684
2639713221
6644436304
16626144608
1743587533
1939025252
1037377214
9525672830
870318450
947558372
0
164942695
1341347697
1239798638
2228597882
948145858
2704304513
30019829
1061639246
2280787372
610953100
842350045
4143642205
2111741743
866388280
19962935254
1560565683
10520876988
1225108524776
0
1321153085
2109478221
0
1893568102
2260907234
3150267478
1376400182
1942414594
2438995342
8154112110
895691368
4170081341
2466237144
4829019262
3139912367
2132298613
1392657655
6584016172
183093358
5338044756
0
3639053001
670230806
119244585
528889941
2167111315
2202977022
607465047
1724481410
2264953092
7327680147
11223811001
5099388720
0
1607417217
4708325854
10029144758
1571881036
20512798036
1734072619
2150470193
48918007952
0
2436785223
0
3532696892
13741151800
0
771460003
511598009
1167931669
1229012833
65452634
10478688526
18604652466
21881176296
2937168340
1511826173
1654897854
1794491107
4211566319
2835661293
1066442130
3160176179
1279186161
1285353453
2932268818
2176375527
263443336
2431880616
2954838361
2060698985
5201224575
524125751
1592486613
4548234695
47854123
0
649557491
8553987959
6820310686
4216170813
4712578725
1266940462
4130465632
1936172455
4405184552
263443336
1422631224
177953111
22316264890
3386757704
4151116141
1819670250
3648625511
3337019639
3750018047
2225195952
1443942805
1916622435
3333081845
1750539343
32169549099
646916716
284716420
494802340662
4933369239
14709948118
1690621643
722537112
2235409602
5047016820
1493460060
15659976211
3632817400
4307838242
102224823
3563968693
2260483262
2895503519
0
0
94605482307
2244809624
2781911530
3877764452
503776991
2285808504
693006256
1189978791
411175249
2427607756
3509106921
19143546391
2527046983
1201086794
124271830
3102042255
54346164436
4597090708
0
15431461431
976565778
4686714105
0
3061358553
0
1820400613
618838093
12992600122
2521312289
11290153682
911930658
724077933
21715057463
1859854235
7871760979
0
400221728
0
30872184061
0
7326897518
929818525
2608900596
3267493751
130674283
4675796763
49946534540
980121362
4516619305
5793010366
1947619512
0
2344629700
2109367503
44128410137
875288898
18398771939
1963241510
2488365186
942209321
3199945697
0
0
785941378
922646798
960668317
936620395
2099853122
2568334927
5910329431
410123819
1940230134
1291714244
1652765003
889910805
1567534654
2587552730
267361953
1961346061
80608571271
1917387500
39935515204
0
2138786623
4013329348
704171333
5870121780
1852865816
4301187686
418816361
28753441261
1167086799
122189889418
1410413448
1251176247
4411260153
0
1091037012
2456853029
3934958284
0
685114649
1211059165
8650677110
6603797048
2159174868
562373866
869264863
0
2806095044
0
3472374030
311961037
4599184444
1997971539
883214560
302090705
994987567
56450883733
2851674291
761955430
1102323399
1920949849
5642470348
6643018848
1943877868
12238946300
10422339958
1255545671
6844281080
397340436
1859766829
6237973660
3655159004
1606832331
667386908
405017515
1645068821
1915171574
0
0
6908484693
1387643730
2975351838
1972175508
2827506866
116978182
2027877092
1950204228
4678204367
2165514877
2803307044
18969424403
66056896269
3182453744
2346446085
2441643919
241863655
2647860038
528977005
3806940792
1081218460
323993517
2192591400
2232859269
1791572911
732950317
3026365585
1564161407
709309785
3069852225
1026022361
3810801143
467294216
0
308748635
881141279
3110785285
7017457580
39017381
351536202833
72779311847
856574339
1813497151
620430320
1813696166
7547882420
2654327844
7808843
59268350653
345118002
1191470585
7863737398
4220373656
921517260
236686925
1086825455
1559730179
1729997163
2373288696
3333301502
82573455
4452550933
3850052845
3262137055
3307012625
1671446595
1944657378
605951891
989035746
2084127555
5337950984
1443024337
2040986630
0
1294447230
834059106
1656845486
4557095811
567324446
4500207839
19681879565
8495542686
5112564792
2214524919
3253853467
2802770291
1600204904
0
1278739598
3439867915
1986881642
2329713295
39017381
2237702874
1428639094
766755679
1058995414
895399886
4076436776
0
1244063672
0
449368079
18488831494
1379292795
771034439
1654897854
3586139699
4072566535
23323610475
849586285
23351649685
4627558125
3329528340
789337024
0
2748574825
8755010
6191116047
2354233250
139488805686
5880311589
9782932388
1942219391
3047523408
2408338113
555560281
2031761470
2101630979
0
1754547834
3809938238
929710636
1624654055
0
14146153097
1146061547
1205462997
0
590662987
1335136730
3830473781
1467105425
187254078
0
2362901774
973238170
984579196
96417675389
4731898770
1042815311
2373408257
17088403538
2940180335
816058433
1879117623
1826419068
1363206643
1307851739
6550233660
3015757030
5686586407
3371692071
1990619826
1468446811
3612323848
63919332429
18150051315
1333254353
1835779493
999755603
6935769320
14012157164
1302776746
972764148
2967357119
851344268
371476240
905113443
3753011842
9327852959
283711975
0
232810634
18434926080
14921290351
18079455317
1457243983
10893216063
2315195391
1652899529
10583699451
4800736689
2430504027
25471360891
803834355
227077523
1501668427
5428635
1923355795
703837324
1097626257
0
1328237461
1571876589
1877507144
659378686
0
2511979875
0
1635028997
12492533196
14711555062
951177336
1157187553
2267777704
2335478960
16801472817
2679343651
748227927
183802149
1474174043
2327819616
1087829221
52238922203
977865163
1561258907
97487809
25411931337
124789617
1381790211
10589217475
10788036263
2351693553
1337291377
1584796819
4869360845
264801696
2110404912
6551253698
1744734958
4475858687
0
2781330585
12416229371
5869240844
1392482751
1533896537
1747530318
2198566048
2540200259
1392411680
0
7188953088
1021761794
184457855
1173815151
813308079
1197883017
915827293
1910298413
5596076260
14950555821
2574734945
1121859728
116900104109
618019677
614271715
974798746
2409503239
1795922915
2595482222
3698128706
5163514719
2846953084
2758208694
1274603901
1227255813
231183550
528293744
990708016
6990452865
5517030985
1435298630
1501442316
2282357980
3686079755
5975349527
8580152775
1908431927
2394687765
6118306856
637439070
0
2748597821
3647329652
701837311
2984433682
935317126
888007679
36359991767
2144230264
13710261262
1451235360
1321153085
845953086
1745968898
8321453
1695667466
1659879594
1121686473
1531675258
0
884831526
1375455555
754296225
1239863336
2565050551
246982746
1361632985
455196244
0
3038311645
2831726016
37067167016
673421715
2805674446
2309423428
12274761451
1188049902
2383727920
4977387206
634483060
3396651034
76012875
3847169016
1619824765
794708513
478271656
2102966549
0
2443692613
983714175
0
26482787650
2243291951
1146107168
6588738718
1448247436
2740298849
2088002631
2246690850
2672846626
1273823144
2256521213
957885403
1482358085
6543170810
2535677496
1456861185
11123918500
1389394271
6700835525
2725559360
818144880
0
7984102285
98530599243
553280961
4138058814
2503324853
0
3427492958
12841661369
1879582427
19221112021
367009867
4333638767
584726289
3999216650
876017973
1093326153
0
926065509
16043348872
1635113319
785186268
240727494
10370594394
3840635441
1855260572
538805357
837055334
751667295
1551084148
17543234703
3207158881
2090888823
952885635
10395771306
1655566092
1511271241
3206552404
185353575
2783254906
770967910
1836136183
160267935
1165010240
1162274902
3996083584
0
767346695
4497884056
4685577536
2501929599
1799717348
3586162965
1087730168
6076032651
1202387798
1315181926
1295828924
466835207
825662993
1141277420
2167966375
1374295823
529354209
150581406
1316005853
0
1616663476
1841804251
1776483447
803610667
885286800
275839284
803426851
3617068049
2396339235
1121775639
316129482
2207073033
853482427
1157088160
1559580917
967681075
0
1821115298
2673133571
1809551543
6416793345
450147486
2875476281
0
543124590
902208129
598231145
0
1610066024
881252113
754102249
0
1588094861
8056223509
0
6110252153
0
0
4055255417
637866704
4184766229
5067957785
3252517982
2415173582
42313898367
1154672119
15632889431
3110785285
2057262128
1662301721
4279967183
953825185
1577947511
2585930940
846977861
271615642
1214766642
52443778
660505399
2185970337
1626486696
0
7644159017
0
782436782
601546961
733889787
258060521
2288022165
0
1527062769
13874816602
2494751995
797073091
1579022785
26333641929
1544994323
820047069
4357389031
1077567510
18939986
1534292264
13246155116
2079783629
2336157686
1942816036
876466533
0
675049562
7440832297
6857921546
1780933264
1729525962
12919000689
1152448719
8373879110
4338594785
2693912086
634518983
546060686
3967366825
560910217
33446527136
0
6687497300
0
4082699409
8316648879
1691453934
1701924810
2237086698
424159691
3782499955
32182199
771871031
545598898
566011051
996669203
924623910
4559858756
1374389570
634199000
9980645227
1036652049
5832479958
17611272193
2849227817
1768828058
3789688119
4793802280
162631771
341635688
194870815
2460531499
2209562221
1696140471
2599357552
28599811976
1193152544
11157731940
5761196937
5967972511
21995690370
2953551945
1939049237
978235088
2262512948
5581831112
0
2316792520
13948634099
284053569876
1531510372
2315785944
5657370469
697474404
4978915971
0
2869966700
1055758340
9337493477
14204292464
880826448
3820847292
3047976811
2476233491
120579326
2870234880
2320045024
852082547
145204533
29115817555
0
0
15914842285
3350967903
92890070
992743269
1329509820
3388557936
6855853620
1436980774
328158455
4315825203
0
3557589434
876078860
1290076720
3929985518
1774538945
1672003443
1184632390
13562731939
291436787
831871185
1258527218
116398631
824602488
1043631247
480156469
1202379851
710113349
716715786
430785585
1005078927
1207566738
570432438
627395465
642038306
468251062
3670775299
59032566950
2868549144
2667498620
3919848719
466433478
496288373
2925541653
649083109
1388300869
13593607
507319662
4894866786
4261819108
0
2835777562
2550767503
7070766168
2430490177
1691716529
2732870707
5907538723
2590470555
32951676745
22223628692
3664357644
0
0
1474006632
820567864
1446041626
2792863114
2004139529
2422414063
1819670250
9353037165
8978482391
0
56778812
750379520
2397780669
607717197
390637360
995439103
0
19985370820
10875155496
996922175
11978985167
3514877333
1727549945
1907801409
2326231932
1753681095
14517176799
1682238048
2360887071
3252783059
5468408461
4635187382
830311428
1142830375
2301288494
7404663469
16511427951
34516698017
3159554200
2404898917
477805355
64825158685
7340610032
1774688675
11898279522
900082263
2949122919
925959722
1173732884
1734545977
0
80736546604
1598981575
33977449245
2209320476
2662915234
11886023213
1768482377
34974268520
4530428193
3928338573
611364663
8338683061
2458491454
4195903582
1458709600
1210381221
1871309951
3343966361
11960250265
11598757419
634063225
4112337775
723472356
3510927428
1350741795
1023289650
2530553715
0
493919130
5640914482
8840956923
2199468005
1834590229
0
254226491
2969028522
37115480742
1129678405
0
0
5044743143
6619992551
900125920
4567942827
2149871283
2344160582
1410603517
8585862802
2328650317
5920871030
920167839
22596860007
6003540053
2261407473
4670190524
2482886581
386030904
911455662
2629223769
133504770
1417399713
1536166236
0
31149646804
22661700238
3402469451
0
1763760779
2193653498
1147263335
3875138709
98683962428
703591011
2387595291
263443336
388779092
15172117022
0
1647883185
5202722837
1583496248
335491817
695050380
1437814962
879716743
8780057127
0
2963222376
1894949145
3896254477
174304433
4196071757
0
1574028731
6233310098
1970465181
0
3779887023
2246194167
996669203
916401015
936942420
733644502
5563868935
2334143708
97487809
825855868
728674339
0
2688338636
901351177
814258890
1631451362
8049667409
55693947153
1208024236
1096779086
2026498752
2433836946
3080290687
5298727744
3435421773
4942673009
343631469
3976241924
6364459829
2085037032
5313662779
732236509
456032404
5149765336
2800672212
8962904322
1692119884
2886267235
279842992
143099120705
6377346802
3666105392
254328662
908114160
963151777
2341462690
392033022
3225227366
25583441977
1303921562
2807648935
4698285377
589754887
3496299726
36588383912
30557354693
0
0
994456506
2228597882
7816205416
6819019659
2264301993
360553580085
5355547115
0
1190492051
3789936172
3178205229
594605556
1559519909
12824861426
1979156232
1453935841
3934161049
0
1346231268
27776949571
26963773189
1877767967
1547760659
404244564
3619816079
5471079622
0
1259144477
493919130
1240584806
1253605232
1986266685
1199110679
5391013804
1413359919
171098898326
4822856837
6019075820
525511400
565337395
1059633729
4097047877
8302963300
6471388052
1095745756
5148529590
1457387443
7203673125
245719327
2524467306
0
340650186
2876088131
3556404821
2174519136
6197808961
1085306410
462397806
2826350330
5040913806
1671934258
561865746
1928961939
547371765
442605280
949657904
1831904664
3583407203
2171324115
5751515449
2893095238
367331393
650864873
376189091
6289529654
0
61477379267
15738587447
0
13954798557
3097824275
2252161572
0
1365417632
40698228401
1464060333
0
5863608146
900735165
11492179458
1491357611
10685175275
1685061388
2765406790
1083616024
395282175
2449505100
1670022420
878159543
2319692208
1185197532
0
737138502
1401187891
2088235067
3728662031
4833805721
684393248
0
4477568692
314507501
4818375621
726956798
6112543144
2682056077
0
2751158005
51703072
1121172509
1462494683
166954944
25361859662
3691687616
467574169
3647329652
149232749
7380538867
182399509
7612858709
3301126376
2245868044
5137777595
3568598440
20960154061
1593847239
4720719138
1789932319
1422012808
4809079923
48017447086
2562772145
617806725
288120087
0
4806924573
9801748613
4101268202
982076976
2099185529
7604728144
1798978527
791884357
6152766275
0
1285353453
609641445
2139867183
1582305252
1101079906
132815922
0
12564842142
2047517989
485256496
79124836
38392558238
1996672230
2455415566
575372890
834624901
2026498752
997380872
695305560
1313970082
4075051245
3184247960
1551021176
2818784536
4990267396
331305983
4404638285
384970108
11871577243
5979102521
715604577
1512027172
0
247852708
3394141036
4825637694
1234494018
233197372
999755603
89220156
937534023
1769514328
1082249579
2494439197
0
57173855
2042413167
1578901613
1266280990
6346654084
1538843064
3350967903
240768198
664256355
3871479690
765664775
1644406724
3551179173
230544490
2343283359
87516767
659815199
2115825847
1420972398
59509735468
2444016172
40119370
2608208368
0
1713342249
251078346
970506481
4453080261
1362956768
615440895
2061125369
2622817010
882275179
2158764903
1361656044
0
1907045002
0
1398882539
4205254580
314507501
4421861966
1711448265
24211739430
1471167551
1248825509
1767560191
2777644475
1562835209
1635971663
454587384
1187134708
1622940585
4059244132
11115646674
212490613
129059203
2144722038
964001399
1627271327
0
963965506
5587354397
82573455
18840860336
21993472256
568036761
0
397975597
2870848550
738599406
9612770840
10567938273
1504678646
1257331467
295900206
914899282
6471237792
1211059165
730070523
31852146976
1154416335
2044718186
5789882299
0
753421818
8769639794
2265080019
3039867150
1780933264
1090404032
303282668
0
2299126348
242683076
8142373428
2444713734
2198454113
700497784
583305119
1363494824
211723884
1051337641
367499324
1190310257
4049325118
1434190193
21213296684
21651475310
1458699623
808451764
4791038822
1020601997
62975943377
1111644353
58253359203
926246425
6720696619
1002057948
779993027
985394647
1545976466
839298863
511061347
698268168
938412636
928589715
5949046498
1235168471
1535913117
1388350585
1121324954
6526446164
13988309979
1589253307
824359822
958146982
2065076373
673191426
7122201598
5236306204
3243030296
476182596
1919210770
990951937
625355026
1175607733436
4032641827
965616864
177686659094
1880169318
1296486968
707225361
1464060333
741015256
5404043919
1629580863
911254038
852709275
753446835
0
779790232
28332836321
0
3170293031
0
3952748007
804279612
1054549483
461616585
2612967789
23623240695
775680927
1600537347
1844801620
1662376235
3957429695
1883279320
1429946757
912894119
4821726290
2692502790
806824702
2298761198
5778508929
2415618627
27679433203
1542456310
1637447473
2383069711
1993783410
361061874
34269089866
8816552615
0
5199986415
0
3669047750
1404540488
1568678695
430785585
5344857153
7821142218
1225171545
2577032452
1847343378
1487670251
1923286534
5226233612
0
537073315230
18186637506
2901370627
857673469
834850409
420700667
1702653584
1198501474
2962640606
23852650
1925774421
1939685814
2556222184
2391409811
841982280
0
5034544546
904962588
639280132
1994970522
1975690271
2520511401
1619787785
31547021910
1269918721
5440249588
2198194160
3624067937
4232620774
2733417570
2485440827
1553599561
0
666305625
2109614364
10384222
1316166811
590694923
10962108005
9101528271
2322320218
3597501469
216036845
16568697492
4231687225
4497884056
94096386903
854832819
741390069
794401083
1634684751
647044906
252597368
2053359590
4116948067
317420919
481248018
825238094
1136970974
20692762792
2554796444
4065344198
200751008
1741128256
60757753635
4381652108
8623046921
1891901731
741390069
11161458765
4164450267
7695177295
1789401346
2046150424
17666469
2558383289
1024859289
5703090817
3618187313
708878076
908105572
7936799082
2202365004
2381385301
845335260
12923074864
1167931669
1868516089
6914044434
81455945646
909446266
2812747395
4239759526
4602837166
5253106384
1676815072
1086181260
2244416935
1448276393
42388730721
1949054144
438935853
8559752
744446908
956573772
1720920192
38192529411
72163215304
1606444304
11464316188
13918158044
1387651681
9753658979
1374264819
3510518451
1113601980
113100931
638913272
3702060900
36607607155
813777421
1718677127
5516584014
3706885553
2247310899
2148779985
1860721358
3732920129
928572098
174325825620
158211781291
533213661
668767307
1367027706
1605572280
2692952031
1210817070
5618890471
1520728070
667971209
699313156
1511459395
1778954383
6499015896
1542443504
1461246957
768988669
5791669715
438140849
2585149923
744764374
1994027767
0
2793975081
275189185
3231936692
1624608718
158633345231
686493257
2465589579
0
5762874904
667474102
718137953
9765439248
2065141032
4056225632
2390963304
2509861620
387676391
734205583
1486739068
1609695791
5721871685
3394683265
2361547055
1388191217
3094799927
674680791
876349069
970097057
1705622260
483552564
1443942805
110549955700
992897634
2323831187
1958997500
1166017679
3713327623
701196462
5543070350
0
4164176063
4458214133
846430452
838483441
659337797
1651705054
0
758750185
1982805200
1267260270
1108851056
12778547662
4114243376
1853195654
11905777308
1752111586
848750150
7678370915
402126306
56705151298
975267068
875084582
2124818239
12532205029
4866849158
353493250
693897264
0
596197457
619854939
7257138308
4285445645
0
1952731649
0
948903976
16058240574
1316986327
5573677350
618742715
691395267
11308170013
591557248759
7363852398
3587535000
2630702694
1007076486
1193853470
40686723141
1290790953
697764690
1276666813
0
6191116047
102397121
3960124777
1284178260
320004351
3141911856
3409992345
1603617048
2879385873
1471167551
924884208
755487763
477400721
1326365860
1673565632
31513034833
167587978
1663885297
1638980812
11062204783
13745013521
1993375472
122145050
3795426581
2387873237
683476441
1656717739
5144949911
4878025732
1005137975
1945372597
2870043783
2055511275
476831231
3380217834
0
5242477223
3385072614
5558219788
870123110
6980840764
4753131776
654081194
3225511265
0
1347022139
534797635
2543032916
1114937122
0
114826627942
8299607989
630945288
7998795881
753235118
5852600134
1766204284
0
469068753
1896682710
776382646
2105562852
1950277010
1243799487
2839098532
6291624293
49421574560
1877767967
106337631
7110875694
977080215
2431932248
1277318327
1540491247
582251761
6440568178
4424788112
723987774
744446908
819339598
3067363619
1729056411
587288978
1799514845
1787568276
0
5029264245
1596339336
197326916
85407046
6999350950
5642576690
10163572869
2785219219
1094438005
1300026836
8210322696
1603442125
171494478715
6633109181
2302687809
5917329424
1809134570
30555921506
0
209973671
5811949397
2056703721
6491248156
1402954741
2252161572
8328801940
7646992188
640618130
820499015
1294661520
1687605414
686515637
1713616722
5241750776
392033022
17463507720
1151737959
2104547101
1246164467
1209116351
3956769059
0
1708183364
1249575060
7884690058
146473762511
5692270058
0
7149621180
1622778792
1664865834
736581209
0
780022751
2295360801
6415772106
1208374372
3497442296
749052591
591219338
1340463325
1534380531
2192579902
3242530677
277459566
1009038360
3469581026
2372993112
0
774605207
694321685
3952113970
371965105
1741257356
861104145
4738420358
798094992
918207009
0
697951557937
17779838877
2068479295
1983215833
0
791996872
122737652
7915897597
1831738642
4735036522
4616351232
1727384839
25339095106
1540226981
4531718039
7715841134
1337918614
2379217173
2445163175
980924663
740011982
1327940701
4491815766
4277152152
3352031234
5576001099
0
0
1369450032
1806058519
1683716970
6524257091
1477324618
0
7973555531
250322809
97487809
4342100096
2517679689
1090115714
1586464359
8836356216
3945795330
4309875296
6333556004
3570789319
2473883389
4877048343
9689709164
0
1002324515
11668092825
1824846833
1397933929
3416775954
596765366
145324352
1546864934
2342840966
1519593010
10649456705
119177405
3415972429
1038781029
2160667120
921517260
2601215938
2365903383
7720711536
0
791314866650
636569489
10064675624
1057446630
1043004141
559312290
81540277
2029868708
371525114
366630651
4845500554
2002689290
1279150865
1427065532
633885769
2016963716
99007647761
420626280
7536957210
3276891418
1870802631
1403440800
5087348483
1887470155
863838414
1577553122
2769814487
566435246
2256266891
2349569526
747080361
9365410618
371396217
2298159297
2679059520
1080541509
8857240182
1290332808
2590470555
6432321880
8844882049
1541173111
1581632683
529009333
1730475181
733195115
13705071471
851488148
0
632946020
1376788385
1202915921
3545658872
951574499
1504678646
1945482121
159965099
257316015
276664091
2617011678
739401986
767257122
2773322872
2923644255
884831526
4798154636
5322282135
1783435017
687336992
533397347
467642571
1963875481
1055158845
14375570979
1285864955
2153757922
611887441
957892887
3456491980
388067772
656215550
4148642430
680971260
2183714570
1542443504
534223582
970955774
799950156
761869010
928706608
4016338429
772627906
3102042255
2189823741
6136231900
1994576887
4063195632
2545922997
1653352683
2656703800
1303855825
93047263977
747887735
817414448
29598116122
8104059750
33565618438
0
18242970703
950123063
35566383185
847223074
0
976695716
518979417
862658856
2334105801
1434357430
1133057569
0
2468306891
24865192554
1949145089
1545019487
1770971516
1153512370
16487115950
542377383
20180486658
1848401165
1481796065
2868427622
13178528986
2813613681
0
1947091253
1619824765
1019315661
21226286013
316129482
781729101
847761198
1918292629
0
19443225528
665277081
4751131723
1940779064
1356001719
0
1773794364
898401887
3226552617
0
2251940460
118446938700
934973489
6059429860
1448181011
1581274299
280876280
7023302492
1646712843
7607350995
4039727719
17058120
1493856057
1330769892
7638820183
260981574
368770808
5496985783
1387898508
1283288366
1985769240
2067631333
2305127423
3805386186
820530396
0
1471205202
864350891
4157298957
1300212540
637481140
2051678945
4148432910
1868891322
1791027007
0
203374700
1377449697
644097391
2453032235
7201442452
1638955383
9027378424
853032006
9698898135
1023289650
788518682
935522502
0
0
1201802937
591219338
3618997880
25654127089
8909953109
34272940
1815081532
5438370086
2010170721
12219040892
117228913
424986851
2555820302
1210382059
0
1066362455
25457645702
81111391
774710951
1171341849
0
3491393807
900147828
2622281126
0
6697226817
2610847618
8247846720
1097464347
1375904873
5205509602
771460003
1128654605
1659984244
48128194306
1807179218
0
1145874002
6334141242
3368640453
5481544557
118564913003
919477592
5504446647
9204589277
2593772528
168378702
6698304814
4896765840
1139600238
1368191126
11680665255
941735574
755707061
609847643
699313156
215151850
5154025505
21099223
10084503756
1194534969
899003264
1859465840
113958082
7162487192
1549113406
2163546108
363149082
789250992
641604324
974771082
6661105925
97916162140
10693251018
2685617198
55547274605
2067573707
939855282970
6844583448
430227400
876094585
17284909953
281848038
6256073651
786472013
2513560496
8024529760
2642986519
2046974193
7363685645
5229486795
0
6333455176
2063153851
0
1446647196
2251940460
3428779766
166834092355
1250365264
28248779235
3311500027
21617152250
6491059672
1558905217
1151416386
332062578
147386436
554699623
2018827326
435848408
0
1069189546
798736015
1263978712
3163362926
874318929
606059417
3696849279
2047225179
8423116447
4223683275
0
880227568
3431025939
1714992535
583636994
1622283185
3023792434
1294708394
0
9885403937
998163931
1758619928
590160261
2372642185
154474263562
0
1044783118
0
3901247514
2565050551
4588916000
2375429032
899346701
1656243310
1219776548
4871109779
3907294489
3891877563
2552283204
0
354565152
3594987916
4271749842
4650051151
755778459
2001184523
0
2353589069
888785558
374608666
2853315955
4360023867
0
4679470179
3315948265
2704873364
2627923686
3161923488
0
2458619484
5638020810
402786699
2238926133
3099430431
1062540244
0
39154966900
963793450
1221675785
831766310
1467492354
2495529639
1167086799
2674598968
1056030943
1291329573
856692820
3190386242
1233197581
33427469222
769592370
2850873384
681577175
2111730390
710808491
1757260782
853625099
3632817400
2183140996
936655114
1564472107
148377728
6528228521
2389220053
80424584430
979027540
2289123808
567587399
1053379235
7858900311
1865322523
795947204
1299057142
15465542228
4869260868
694513802
2444016172
376968782
1442085172
2359258810
1651355660
47973826
1137112175
0
10348248230
4831117315
534797635
748049246
3035623475
5004051366
8590722619
0
503411168
0
2498931760
1761764532
6634633151
1059214544
374091571
4532894882
747221939
350815793
2023237240
0
5960113238
203466758
166599578
1914536697
539754806
1243799487
1686086469
75693480
705005271
47824959
834858407
7284186541
937777130
45344345
954667017
9438152028
640604989
1927881787
1164854100
690315402
1245774975
105212185160
3277069594
0
3201642013
4939241362
550934641
1236597486
0
4366769702
0
2338858193
912605519
1687621207
3659682047
6408736576
1541977462
3207457770
896073431
842638622
2732521008
536827000
660372005
1495099875
3006245225
0
10335579939
2021191683
6072317432
346522806
4240757494
0
55256019741
1050184940
1761872857
4539831141
4243116722
1204398597
365044056
1414283285
2976671746
2467569738
952281521
1049556584
0
1162131721
2344837746
446190106
1378488671
244489437
1486574174
3167512871
927444232
11657231114
1890842844
2497841604
3787704123
3148108864
0
888785558
2169342032
887433332
0
2270711075
9947560328
381519586
123286227139
2122948846
926581904
287565229
2464064967
986623242
19338895699
3202790130
2700082990
2325655868
0
2516269034
14844260523
174093637
1045226810
5501109236
1772785601
1658358190
2870043783
463912808
1532503346
5860428628
1659910533
2106664974
346679556
4477172181
1264732591
375483455
2321149277
0
1268974721
528336368
1497522255
5980424019
2030488147
822754566
119973083
1573226302
774726871
699278927
1447898402
0
75156343
188318498
126784648
915151515
7566868493
2140208197
0
607752586
1648359826
836893199
1650919441
0
726499084
3488236643
3925084862
347398298
997380872
8373318764
0
5340318122
12667189471
377106257
2294704213
320124783
645650089
1720919862
30875062553
0
1841653163
856035323
5420315815
1381358846
367331393
350815793
1199858134
1540726338
2798308210
0
16289125164
1428155033
1615652880
3850738699
980316561
4677615224
17257600724
0
2332415746
6033272751
1178136647
3028644579
18510283259
2357557677
957341740
2803925106
1744015943
2387651553
3995249177
3380358172
15786169911
6084592875
406064763
1626376114
1637457411
1031816406
531007180
838574404
54493482113
2008786878
2006172577
804817776
25557949018
977865163
1486876766
1600870805
852434633
18809940475
9232750803
3590652247
0
0
45441862
7323184042
2647498859
820415690
116978182
546188471
2901026074
12006097245
2055587881
4038956057
4412209187
1865322523
439892568
0
4385565562
11214349396
839654770
1936269712
3723534213
0
10888318
8643450062
688978000
3698128706
929662555
231969778
3823012409
2907590404
926416333
1167656309
1266220403
1089683534
1391485661
1365657412
0
371762198
44028356
6931203651
251112102
0
2895147303
6259166653
3477196855
251007724
1476272158
900024690
10605246527
1720412039
2504410862
1262518875
13142437771
103653480
246117472
2610646992
2925158289
859645100
1896680366
1065586196
3777718004
791762920
2284943989
759663702
0
1766662757
2279972587
850595709
5427452962
655417904
16743028893
697942191
1705358174
26182841334
8473562860
5775229987
17203305267
9480645190
616259597
2315785944
0
1455747708
846560882
998681201
84195319298
32441871664
615440895
236309297621
3258843981
20085096494
4030924693
3410081431
2757433081
2918667730
4600281675
862242926
296339494
1926473370
3320724811
1741780449
3480087909
2504912637
1071625361
1779042117
28746552672
1339920060
375522323
6082764746
4335462705
884678134
0
5112904102
143881003
719863462
2842347169
3732920129
2650211845
0
3900302465
0
41974285
13918158044
1208037584
1341362974
1799199946
2775930428
1426384587
2179202198
13277675620
6734862688
10362949116
0
276936748902
3654649805
482522947
1891901731
7118862307
24916858414
2709057569
0
4693891692
0
4012227479
996414606
193374114
2667635769
11671648435
1186678948
6424239470
494329642
2346347772
1020439101
199734498601
2837564380
6864930481
8104203015
20365036902
26577218343
0
63718847143
2968978617
6814464095
2146639429
8690462149
954186918
28686353958
963965506
139602060
2835143494
70663417321
1175937026
1675037814
2310320874
968071205
1841197139
632562316
42443228429
3430159103
904339102
9975977698
622024469
119640351
2017519822
4943312221
768616578
2554380116
4599560174
2551298339
8694746889
189683615
12123550577
12812846918
3847169016
76365039
1103286184
4803188621
686194378
3054965624
616382076
1377847159
1699626184
1432593960
3214344640
4301286889
1464707120
0
1317961777
1406430956
3516371756
2482190007
2829777993
2251099956
465491629
4401213153
1903704719
1389369323
7291052073
50079770030
5955977107
4470285925
679658505
0
655186502
3694529137
13879642214
0
438702729
1437799920
6405619518
5190385743
3272202610
1838743405
3480161909
38346816583
103210296594
8781752123
2100761342
2034777099
38093676
2485768733
264105488
1027699249
488182326
1501530999
969442101
8385835592
0
1584506433
1548428915
3388390478
1737057454
986385251
1505621926
1500244965
2027119613
8527905760
7975532916
31398681773
4526860260
434335847
3589137939
713723937
1369131303
977774128
2211694016
1142368199
2712832432
4778700486
644828818
1817510582
5730434005
1272533816
5996875129
805332809
653431791
2227509491
701671257
2306704708
1864648357
1931845049
347749560
4391258724
1327058375
3270080635
7250335466
2068262561
119640351
1287849255
7506860123
2421388465
191409499
491443059
534176262
289556039158
87025367829
791911549
2096656849
484855893
3970869753
2088716596
3292184986
0
1591172428
8415108085
1641867623
0
5011328702
6917047663
1175247549
617764103
899930588
636549448
3612309202
724533409
2513920675
7011230942
2128593332
5111167788
1067146318
2403728348
1575430114
1154804464
1827342411
1028003716
5546674579
4924990098
3066211362
1744862006
2687342083
1085649782
11181614780
1773043319
0
4564601846
13296544854
0
3424303136
1816809305
1085649782
1403689586
430785585
14775513452
1658085377
807879890
6214918371
1695655016
2794496220
0
2317268409
784358967
1770077468
950838031
12826392288
2792556455
16055364140
1290289591
1301205624
85512831
647859615
741257295
66697737817
1092260821
2071050286
631828410
133611800
47973826
173129376
558638678
15110657324
0
2209562221
10350193002
846092561
3726545752
3203382845
5635025234
751468545
376470368
3551179173
1563250553
855229632
794537974
3453829121
0
13557636494
1939867467
468743817
0
2019233609
0
2529459330
0
3971877790
4241421323
1492489769
3499090012
891513497
20335642462
2693596594
827509640
18568311492
0
638711047
11040865364
6872680267
195534739
51982016155
733418350
505930531
0
2270808250
36067915
867310452
9299886919
145315970
686219115
1725436436
0
1228106834
3332887444
1976623387
1097492986
2243291951
2895147303
28190908525
1140843602
2798159866
300878771
946571448
1167878170
3714734026
8552997643
1958020359
1768522694
55326729860
15302426841
6925083302
1322321887
11139985959
112494771
183044713
2553274662
0
565239165
211190205
5410134755
362181596
1399043477
1155663268
946571448
1808850171
192632348954
5778221009
1167810138
21303526
2653613977
698415715
6408381459
2077260670
1299550281
4565941090
3392895588
184893951
100911682
5494864716
3149415393
8748142995
3758003288
2373982969
2355297175
1256258109
4475858687
1435355243
3772804222
483552564
1896431342
149232749
1127392029
325722464
4546348662
0
912041281
2862588758
114519717
58419958305
514627745
2256383154
18362248216
990540067
2975881028
4176530854
0
590971201
11348775123
3178836483
1006377994
599551517
1200153045
9955811278
901071071
941195705
4808713010
1373748759
1384492798
0
1799084874
7437793490
1484903595
100170158
3825031041
1249326794
467545920
705717002
36832852
2711836979
0
3304883388
114261888
9947560328
2022595632
11822138622
2773451123
8533850512
11618276962
1048459107
30886914357
1932516508
5942724772
2147240401
9197895558
243261286
7741258787
2273023060
86274541340
188370560
1669233394
4603333011
607052465
851115748
1160287713
1330960016
0
926934286
941735574
2285751682
0
1267508952
499726889
0
12621397993
3963008285
717548180
0
533397347
766525751
4510999775
533526877
4767828114
612193638
2318766599
985690517
1391461192
8956446822
794708513
0
1321286948
553166853
1746667099
959016417
946198851
6774222992
8329778380
380195997
977054729
1648465093
977889855
466645740
11527029757
47715470
660665281
1702406386
888839260
8290528623
1705159044
425410924
1859077415
716491883
461607653
0
1720123916
4169284124
0
585491338
948518914
20050077823
3102720169
1589253307
3330072166
12000947586
4677615224
2561538066
525511400
2682759245
413305912
38813276
774597114
19864768213
1196841585
627395465
1542948636
19109271597
2793025517
1201086794
2400730141
699711565
1350689726
318855858
5900025119
11633276838
1977088955
946326715
772904611
777104473
27701726751
996080793
1462016675
0
1837275226
1745437338
847429729
31964814
2096993167
2511756146
583621172
4824851871
74557858
192645339
2470548899
1519253866
1589002960
6983453558
146369990
2595170363
2257360020
0
1766662757
1555045204
4524461041
32704494702
3499435037
2012977326
3241640023
0
2712652379
507845830
8048977565
1505257829
1119432013
802502998
1961258934
0
3449622165
2702370678
949974590
1766343232
57231787
2625902233
797489901
2869354775
23051484376
2007398593
2474882024
2400102338
2180778194
3083177431
4989233186
1081291840
26962078855
3876579854
1676753907
0
1563203550
657196365
1140701830
1042079324
26554390624
10442869150
4736359295
62071872
4772338962
991347185
2814738346
39481493579
6136227503
1282475984
4594163393
1300450448
1951402708
618742715
1246119021
451350123
467917028
1690860680
1587013093
1892824030
2040880349
4098470216
426898136
947964614
1332045986
0
0
711889919
1817096232
880275877
623515277
1899717085
4482482310
2687275503
2509084238
714140551
1777057847
787198407
7357426290
1245134644
0
9996130772
219048927
145324352
1380914484
517663487
1132254150
409862401
1194398844
885329402
2229845552
797756901
12163829602
8109113347
0
1242386150
124735109
1529643917
1944590305
7993073254
351016279
3832545357
2693180713
5853634030
4549826378
3545719489
675844418
2369924247
21774092477
923949560
3525191253
23446098773
1120886654
1456308964
1130372459
28692790628
984056146
2354675238
2508434852
407156620
1770903731
1617516723
642448302
1500557539
394304293
6679267708
252275854
2121466646
2363625744
211613312
1039961260
966742369
13219106260
1142516093
0
458126675
1684478956
4055477549
15741031395
0
0
2780608517
3869368474
2028598503
3978379085
5388766164
1535957103
238601378
1970057655
2556457322
339624930
0
1143691508
1049638264
0
918426103
7172991987
949921753
1104221450
3211724617
4865511553
2966767625
18555130614
1527464028
639932357
789337024
1040275391
2174286975
652827570
5435145570
51884293250
673470953
37999062682
2118004199
830815202
573871463
250490765
4950317585
9558533983
3065557273
721173629
966064655
837213786
4923217837
775573393
2458508851
1287763421
669950785
2694707577
4781072562
36408061324
3868572074
10182311591
1008992386409
2251788857
9015450019
5593218732
986198442
2681437084
1260777524
9740417418
1278183523
5640601933
16040916670
0
1798405504
881899629
5772354079
1325797957
0
1476453487
2080289435
0
1826853616
1343760816
44660979258
18127329623
2256652392
1691520641
625731194
713265195
2373288696
634246443
4303463974
5981776866
842350045
21662428208
3231412788
15015321772
912697831
99675320
2697744141
421257444
85487069
11625171783
10419844737
847429729
6707577308
1695011725
640618130
1396917617
7235398006
9749458772
1671088274
0
8237310192
394981460
0
296969735
2809999129
960874815
2167111315
2318456625
4429712842
7036389937
1442008936
1373112043
26147905895
105651917
1018030674
5319527291
2419041091
0
14125451872
16988210671
815740362
332508247496
758818362
725308460
226989937
4645572392
3504565122
71370132148
1502860182
4667262260
4547025505
0
8744854010
1137963590
10763231
901102568
11950793578
2148779985
3518690764
13646796578
1521582942
14393473733
3941153965
959178074
911995191
616202333
2052717385
3879332357
3152205890
2869439362
778137965
1869686969
58974715224
432872261
3132866989
2244390968
2333416784
333109608
3225250176
10474152922
11475283456
0
0
0
1563186203
1162395805
1685338910
870636011
3564421050
1700331485
2758418434
1301669430
45529946013
409328230
1434357430
1394914341
1282577109
2626294381
551136188
0
859692125
844416777
183016701392
3238468456
316328527
2490102924
5133935247
12982823402
2783034798
597410901
1027979667
3736069359
513426317
148562823
0
732556470
3451664987
154240344
1297478329
719918255
3978207346
19848944659
601049700
11878810888
1199708528
3311500027
9499023841
3863282966
1461254392
3745043794
18939986
4609278397
1347503055
1210381221
203818786
0
1484883724
7936640207
5298635624
9646074351
0
1611987412
440798594
2105502422
2256919708
21354189985
3199887794
825238094
922815273
1378840937
1518830298
516651198
21772023314
6959874821
4940906595
5053712280
386383209
999078380
7243162906
2222125966
700836842
2904456821
5220224397
5596001264
699488750
403180882
1572777798
830885659
15661934266
509862555
1232520420
0
2482530663
1947285879
12241246
528889941
19997241176
6900277077
2626334957
533213661
1851844272
323993517
830328499
6617276761
1083723788
2409531874
1677594439
1258231649
14383742181
3821161404
1946571992
393539981
2758931191
27240689843
908426582
2331036290
1302643047
3829332621
840452584
2978206798
3388086847
335433057
1742599615
1704115686
1253578559
3870355870
448336525
3389264248
1196482351
1691812154
24994586798
883134718
1393097026
939300277
1615077416
1434098812
68921612565
934259940
17194525750
2311570385
691005734
8760144589
0
1247147574
4871224491
1267397002
3307012625
1207054828
9300397746
1828566229
199587984
4999749053
1472077747
2355866475
7708959619
823907243
892673598
3078790017
1355404105
122818150
0
956952657
4464673563
1351154091
753420864
1264898778
4177590269
1476204920
1990505811
0
43285781477
853983240
1615795094
1928346156
341265140
1689776185
2686907916
2725681993
125808116
470298686
1359611089
0
35503295138
10194078158
2671367265
61756139570
0
492461089
1758840245
4933229452
1948403422
2558558702
1941148477
4016672206
210659670
23063428420
936484138
11988563111
1509687537
73512623
296059442
21377629208
1860531207
968377392
57627332
2260341710
165156060
566063968
3706307798
281503831
2494785817
1534556100
102397121
10251563906
0
625639083
312151950
1234115330
16296483583
