2453255428
4190276161
4789276225
5972315813
7016468936
8775884103
9745609063
10778615655
14687810342
15660903036
18300567318
19808935563
19909218882
21750924953
23985675233
27771225117
29426044837
30648463617
33096236958
35225835881
37169035838
38975699281
41208811761
43007947985
43721255687
44354304970
45428984387
45994511968
48368935526
50559012448
52624620886
54650703388
56725684800
58386864028
58386864028
59162912012
61030332861
63560248471
64383105288
67420481191
68166926945
70326854340
69704760320
71593054526
74810837632
75085244609
77574042771
78722762038
80537614973
81111579898
84686467267
86074441956
89292905578
89906585050
91476179154
93232830356
96155095124
97805728606
99038011050
98754157221
101590861486
103086828868
103755027541
104149111611
105022764085
105676210632
106996120721
108923086227
110183471655
112083167210
112358025893
114013165139
116741546480
118653230934
119512633611
120806914251
120968730026
123473724802
125489715410
128299986093
128782257552
130508175033
130822264542
131618967373
134270226641
135346744565
138135770373
141668397858
142769951861
143342936910
144291479723
146206349860
146715733309
148585241771
150192419259
150587130983
151254561152
152200028355
154893213147
155970772199
156807213818
158237478348
159317019176
159795382746
161359711353
162109586915
164387301101
166609750876
168224080861
171330921374
173977663741
174698728958
176668894096
179221759205
180704797387
180529763616
180529763616
181203322878
181613402117
183236933301
184717214298
185780678994
187368570828
187259574856
187259574856
188238531797
189378973441
190309319861
192045457090
192962402824
194498400662
196332860757
196950569647
198238301235
199116996426
200182252899
200328707195
200328707195
202478496523
203127242633
204464495275
205932988220
206880785368
208546382251
209263549537
209862662254
213527960132
215374788677
215814882009
217102597968
219954643393
221007931565
222670371267
224563425587
226463145085
228445427746
229032365510
230682180055
232678455825
233288848430
234422314600
235180330656
235878816525
236389319656
238419531275
241602172072
241602172072
243709751468
245529395897
246599899738
248015741767
248858221806
250539241191
252157373171
252157373171
253827844824
256237746207
257233598287
257233598287
260012191191
261735036807
261735036807
261869177951
263720077785
264310171931
265953468566
266776501851
267653965536
269939454442
271344167232
273833008479
276212967446
276355167563
276762502683
277403642009
278428469216
279773766428
280714596106
281181823957
281175790877
280362168256
281728052141
282315400089
285301263233
286142686902
286200823247
286937202436
289456653149
290395727557
292775690403
294895349665
295421454895
295798112445
295970367418
295896313757
296769443275
297289132290
298137557437
299009096934
300596591180
302137094924
302970084848
304137392812
302980726193
305729957977
306771797903
308038317072
308831468322
309931661735
310512052165
312333254109
313699049945
317008440930
317008440930
317206788839
319848287195
321787138394
322852377313
322718068572
322919696501
324431862587
324861136425
326080502331
325747894557
327144513032
328060678062
327434616431
328488486774
328939107036
330593410127
332266355083
332539229097
334181100286
335142261725
335182778234
336034823286
336034823286
336034823286
336001852696
337818214396
340831384964
342948600653
342485564504
343828013676
345221903904
345221903904
345221903904
346870503750
349689725185
350225811816
350333121903
351371637632
351214464809
352093862106
352861943708
352861943708
355588648674
357625506107
358357274507
360254857918
361281410319
361741992374
363467171400
363577586473
365500257214
366915359823
367000826534
367907925539
368957377814
369328523063
369078088992
369349427814
372588418852
374873137391
375845887672
376631995666
376121492535
377326014568
378447764438
378027638062
379104992740
379974414861
381750145055
381750145055
384244254573
384413940931
386104576204
388176333638
390340855635
391843686952
392441298308
393856652746
394489868261
395523981241
395672364247
398428307164
399210025690
399684517616
399684517616
399749052404
400919219302
400919219302
402466062344
403763219112
404284708446
406675545740
407883707153
409436776152
410821321158
412486777932
412877678227
413148183212
415463310275
417588554809
417860466771
417898098409
417575639605
418513700695
418513700695
419311854064
419668766240
420385406168
421375964104
424025880853
425197833831
426877575429
428017057201
428017057201
428006640154
429172136689
430897937574
431180605003
432187039904
435089832424
435089832424
435918827503
435918827503
436362181868
438107655302
438815288264
439095957426
441227780608
441985149507
444484249491
445696643844
446400335410
448805677126
449224604732
450795952033
449952663922
450098694008
450851442375
452039610458
451497516500
451775966658
451291273664
452060850746
452756773594
452543908846
455201235755
454542667584
454965446818
455580091771
460595159526
460392731554
460074026406
460225868294
462191328924
463017456034
464566767793
466150326895
466268127205
466280782772
466462276795
466300385941
467700990633
469422125371
470456593778
471377104694
471682418354
470741510485
472745444305
472851243974
475201774579
476504638053
477870781982
477176073973
476216001758
478331590577
480284298848
480060302987
482045537672
483162645264
483785670493
483820408963
485167860702
484626532493
485494254723
484641936924
485524855098
487483360385
490667510121
490941963707
491367276600
492449377199
494011271765
494936618169
495840018271
496142934643
497834919674
497988127481
500135258574
499976714653
500421898420
501393640612
501393640612
502117235860
504132900774
505439175153
505932425204
506518383288
505405480465
505217288730
505128860653
507104591724
507104591724
506916742007
505828440069
506917517788
507168059561
507452604235
508898155006
509801199777
511177126653
510517146024
511118753048
511783476690
512357230220
511379544185
510636839082
511459981412
512951116071
515193712839
516604509514
518149166306
518836200656
522333338337
522095595424
523297652800
523706497416
523836212987
525455177560
526623284876
527604653718
527764037429
530379429788
532492062690
533908842526
533480169544
534180783691
533560283978
534325851160
535939969541
537933540032
537933540032
538829320703
540140370145
540947198765
542538164569
542820425063
542377322114
542377322114
543147593768
542994179467
543473880466
544199427611
544084823820
548106384861
547977202432
548062226634
548989778552
552406725380
551896698439
553794625122
556004234298
555080843105
555413644750
556151748888
558454528800
558961059996
560871601296
560754382830
563398936405
563045516858
563132549578
563321858101
561819937117
561819937117
561349228294
561440054948
561804155233
561479912767
562807372088
565242511066
567102685029
567356528729
568136515367
568372217474
569706509777
569536357446
571561611255
572452570928
571792500707
572580662866
571667699188
572223958919
574502943964
574039143284
575040930625
575168214916
575244244873
575596226052
574896550904
574949954794
575057132068
577229747956
578072539246
579911596920
581035106507
581100428246
583650608210
583536988873
583787689521
583834853124
584873276493
584126063102
586948245917
587740325740
587955395646
588315540347
588315540347
588208600035
590958785265
591814478409
593063585776
594219737144
593162226759
594094388390
594846840291
595476825504
599100545304
599442857760
599957439447
600173003592
600806872784
603251141308
602821748081
603327785041
603783352392
604090310850
604097299105
604284951039
604604726963
605447442342
604593273364
604400263502
604595812443
605524051083
607097700783
608199569774
610746678271
610768994301
611258897947
611817639367
611775780370
611775780370
612713453527
613778137812
613486353189
614232154493
614911563294
615570376351
615007330858
616558127452
616335138714
615984347089
617934099174
617367099276
617422177426
617422177426
618231431625
619033079148
619983094416
621065064500
621680939872
623356823118
624838217300
624928873963
626682881458
626853237863
627944127112
631219973061
632461910427
633776660485
632871156004
636772113879
636517098404
637920086693
638537374001
637539652921
638150242840
637221516181
638655134740
638240893962
638947162919
640138010607
640282167509
640849574699
641225623504
641564470592
642376336863
641248824104
644121940735
644121940735
644970312139
645429550342
646112864604
647135077289
647615552248
650853769290
652346197175
653733467553
654955777279
655278999555
656565977084
657882523007
659648317908
661734362422
662927757668
663343802179
663975055773
664496786131
663707936901
664084799122
664782721886
665956142430
665527828755
664770400473
665164805978
666272527018
667228034597
667114513919
668520466174
668162680320
668162680320
667563039669
670328265586
670400232691
670993563373
672494783242
672239586055
671905952542
670340074785
669036816283
668884133769
670789027014
670929757867
670460868433
669613672234
669841445793
670205454509
669994692843
672979429460
672590135545
672418839817
673634627745
674229178498
674896879910
675415753582
674759452341
674420191935
673457436525
674274247855
675050425157
677802094287
677378416273
677492625884
677492625884
677198797863
677005678843
677005678843
677747633355
678154533937
678154533937
678775261252
679434656015
678493418891
678578665822
679086420392
678162799987
677553475781
678299617565
679588422983
679999111631
680385465845
681831260099
682244186132
682827004338
682928353359
683178961569
684675231296
685737733207
686384585539
686320326039
687382927404
687847019750
687341722444
688460826203
689028263368
688067780922
688459530045
689102428081
688542277524
688578833828
688043220937
688193333900
688621686763
687987065896
689216720076
690166949519
691114964222
690685647951
689994916836
689792219269
690743052593
689989718831
692117210595
692950590529
693110146774
693816293586
694391723175
694731308233
695729564555
695990378259
697553881005
699264705148
699264705148
700081965034
697183242597
698143509230
697928388674
699109289868
699411769093
699781785844
699471947728
698573543371
699054687710
698378116626
698983435577
698732347336
698740814084
700164080300
700069921580
699957524023
699352178940
698834703245
698834703245
698428005523
699474435142
700146100587
700429825277
700837542123
702187456838
704267251673
707623295593
708035505308
707686096372
710817928345
711961600280
711356292468
709463476066
708486387773
708758521684
710725855809
712427166082
712158057558
711656481297
709276290097
710010974639
709873155423
708438340891
706908516076
709177733651
709307434147
709162361174
709439813420
709439813420
709439813420
710197694458
711639192996
711216678736
711028474398
710658409513
710658409513
711063563449
709995894461
710512064470
710512064470
711456683567
710565909729
709719629710
709393190293
709364031512
710357884832
710999342602
710711895177
711797523460
712828230744
713334473097
713434312500
714188467657
713479233443
713493535089
712283955222
713816043120
714094127857
713250197416
713252652757
713455248175
712501187196
712784706446
714695405368
715379845497
716038811889
714967641642
713317474541
713213891059
714851491674
713582905058
713516658814
712671242319
712708570742
713858888422
715136643275
714868904330
713596993813
713940096147
712229765608
712684259866
712272052384
712060922980
712792963256
714215576596
712154049236
711368338374
710969104312
711844008004
711463475645
711676070667
711549261795
711225988029
711486741844
712345625351
712090894143
712989935308
712877896232
712714235601
712297188687
714134616721
714355041314
715180860577
714230068975
714555435171
714632577909
716477749600
716039918277
717436285213
717415810657
717175816432
717929708687
717228319581
716250473309
718581314688
717744805524
717720249818
717053942832
716109744637
717242625832
719406648910
718725679198
719125818110
718907417237
720499253099
720044306821
719725679090
718708718636
718014833489
717605304656
719810763788
719027791997
719982911362
719422163566
718802540567
719496427120
719540509375
719112986576
719476145117
719728673638
718330208994
717999078777
717999078777
717797659468
718430716080
719363066763
721098816983
721848007553
723292018359
722930427448
722930427448
722101734294
722464645767
723029910324
723459966515
724246712481
725397228416
725089602963
724517906903
725147522987
724890385755
724143417606
724620615797
725567860160
724897744950
725327551107
725114378744
724866180697
724449687318
722907457742
724645496739
724590903080
723476921169
723646799942
723631607136
723071490728
722357030440
720915198872
721514831528
721081516130
721065087259
720182326135
720747401255
721640681883
721671591325
720251260757
720372268411
720383470974
721064994608
721651035800
720503809622
720868396532
720520888472
720733873146
719507957139
718750727858
719689742139
720555644738
720523964428
721436866041
722199578400
721495630399
721895059189
723270260270
721991781108
721991781108
720738962138
721852045855
721003200689
720103785024
722473865602
720807740615
720816327420
720816327420
721418373458
720424485517
721075853509
720949331565
719766207197
719946105323
719838925621
719764985668
720979871609
720067349202
720253864766
722825987094
722093374545
722015722313
721821844041
722058969232
722707710327
723258743553
723658201156
724043395811
722501113169
723426361757
724839600660
726246032265
726877561203
726877561203
726538786190
725710108944
726308886125
727718524483
726761191826
727494354787
728152270263
727512675833
726564303449
725858716694
725881986293
722753604748
722543338490
724650690357
724650690357
725368065600
726170929217
725885003107
725660448007
726211231280
725531822479
724513168962
724671641731
724256256293
723771452778
723058988031
722766930141
723218035910
722829612134
721963204699
721811197372
723562978432
722637729844
723530018199
723848715864
723972954499
724293673053
723413983013
724092854566
721793300488
721491643921
720626969468
721623137184
721623137184
721334990640
722077143875
722077143875
721207045224
722273178533
722405548393
722410603410
720963827247
720962813821
722066498249
723226841224
722906720149
721983590297
723717980488
721107401391
723467438874
723372855446
724538667816
724784159584
724440682424
725045762413
724375472563
724375472563
723685700760
722409270930
722637817728
722659323401
723247343692
724034252338
723307392337
721815910193
721878247146
721016337088
720074234248
718393523451
718393523451
717751859588
718543943608
719466578212
719804557060
719055994893
717774618752
719274074825
718813759963
718553448790
716409122202
716998335361
716692872945
716835629574
716835629574
717089516884
715342588179
714929705155
714834883895
713801184584
714229498623
713218557533
712673129901
712673129901
712805878859
710912334361
709823929487
708411204087
709197144042
710039469276
709685052103
710468439325
709814102405
709761224315
711703412714
711322528071
710599918584
708937068106
710330439060
710829225762
707564018085
706211834681
707047693250
707536369542
709210268090
709168212384
710742577811
710354609064
710696201120
710122339505
707743503929
707041233245
706734271997
705554367718
705251249609
706144305131
707104780501
705346049310
707730009852
707617513407
707617513407
707222708455
708399129961
707494664735
708423750568
707250015655
707430425030
704684657895
703023989302
703765455954
705019066601
704492749794
704492749794
706201471435
706811825126
706612474031
706453070860
705386545655
704848787735
704377308895
705847465162
706517759240
706020828147
705481698330
704569830022
704888630473
704491270939
704112027959
705514940592
705220882307
704446589509
703907572590
703799841172
703614982488
703744264894
702352364917
702463193357
702203699667
702177791959
701858128778
701563167558
701212422888
701427868446
700795936181
701195408855
702138935617
700467461502
699595344867
697228901152
697228901152
697465613519
698906128598
699882407404
700082256149
700724152353
700128465339
700903292708
701729687449
701746317000
701715282169
699482866699
698779321677
698904110053
697946866126
698101415856
699026704158
699977445201
697440232319
698487058600
697784712207
697784712207
697936838014
697484583828
698053925930
697265202267
698157298283
697124859736
695077911457
694397063926
693095263035
692545365179
695106210011
694178102772
692609641664
692707194612
692188507716
691516218912
690260999709
690226149284
690307715858
689325063817
688408459853
687179616450
685625504460
685344897516
685307900754
684817754905
683886207606
682867143737
682748425039
683593280084
682478344850
683236051749
682313807484
681095641836
680880077691
680535363800
679641953245
680530233202
680626842057
680060771998
680135044491
679976335143
680505429282
679832454494
678609716794
678805038905
678805038905
677539026828
677123942726
675569640272
675439957148
675575854873
676644564381
676651721918
676969926310
674345548405
674149809527
674093920082
672598319153
671362754764
671366949051
670916052906
669055190108
669943608518
669220584174
669183277398
668412367882
668339979973
669293467862
668655604503
666434248413
666500489376
666027516100
665159271308
663348788042
664588449741
664609762714
664945221272
665532187580
665532187580
662663520198
661727333393
661669431953
660059653908
659305728347
658885221333
659729645881
659729645881
659353031128
658844625510
659110875782
658414533954
659280889064
657800528346
656580138548
656542356229
655629429727
655606544802
655627899116
655044068247
652144453086
652088551670
651797956858
651027132751
651435550995
651526682252
650088832224
647014424821
646997596540
646943766503
647706029100
647765907750
648945654915
648811752556
646694522631
645259919951
645271478060
644838611547
645325136988
644674279854
644774732943
643259336340
641839232836
641924097979
638338568944
638369531511
637917442102
635690163150
634582053940
633523243919
634227643406
634486638190
634402933353
633714088755
633508579277
633380577806
632201483038
630929233804
630929233804
632678475527
631862280196
631577610061
629677507009
628179963786
627357502176
626366042287
625634424781
624565196596
624443764013
623802624263
625523644931
621437294597
620376600929
620821412045
618388791647
619320389485
618641962367
615817135263
614411537721
613535494227
615113758720
613348220406
614012698432
613359554386
611634531342
609071708748
609470804871
608120726631
607658264663
607110144453
607558687070
606094595069
605715694525
603006972628
603573239855
602595118305
600443763763
597632038868
598236181195
598021656659
595261949686
593514462612
595303363983
594356881643
592119040651
593148433827
592647529880
593330307844
591636883605
592328513567
594738365191
593538586146
590734579173
590515655105
590390268262
591357454296
590561980180
591054079640
590097678165
588359745404
587886921706
586940597087
585086272915
584251029167
582193716074
583012036383
581961646045
581567116608
581567116608
582146580703
581539013767
580807334920
579560362095
579343022081
577778743739
576660232691
574903639656
574903639656
573982429013
572318331636
569887608037
569121897225
568563490217
566599430728
566705682774
567554090246
567771819245
567090911480
567129800564
567129800564
567129800564
567361468668
566208465442
563866399544
563376781909
564313756487
564245959289
563643371057
563568934046
562526266113
562071848531
559021073366
559896653936
559812250783
558216098770
557957996361
556796002843
556796002843
555671576106
555249225223
555853283654
553956123708
554501447011
553705084108
552752414293
552081184085
552780853355
552780853355
553036796248
553705582582
552690103564
551522874933
550810030321
548601674615
547559462776
547131627869
546496687947
545605961879
544968746009
544236401082
542457738624
541239773886
540733531533
541018065566
540271543288
540146386112
538969383158
538969383158
538969383158
538616336421
536137341653
535491824545
533228828316
531916910060
531133125297
531150865936
531018057545
528552282534
528013479008
528013479008
526177532379
522783083957
520466060889
519404911810
518509759109
518125180954
518004506939
517405330254
517881773168
516893949856
514422505360
514106015565
511998915983
511888857121
510451842717
509694254991
509290976070
507641626442
507248113940
506567877068
506440375302
505885595413
504642676205
503852234428
503052322088
503052322088
500684568235
499470425947
500190664739
499895551957
498604708936
497539041970
495005575132
494836157990
494843468636
491929029015
492084822378
491053083357
491623116975
490465870252
488866981349
488318303243
488873350281
488999088657
488229212267
487916901126
485660987340
485676915029
485676915029
485118081046
486292146330
485690845208
484161047867
483779098676
483066322287
484847043263
483328094383
479288234452
477952314369
474959656201
475138998563
472744685243
473177240933
471802599799
470544805160
470182819281
470182819281
467250680319
467370740652
466066852443
465694681218
465694681218
466518117869
464566429815
464352954849
461508893055
461241437520
461599863756
461646424245
461646424245
459547941047
458771093332
460242543837
460288480476
461356461710
460484474081
459705297647
455965878112
457869977453
457762707801
456829664733
456678474493
456196226145
455223214770
452787672898
451469952988
450290729868
448853185844
447075330888
444644214540
444280966375
442787122304
440245988706
439453519580
439542834706
437482178970
437436433582
436195076621
434264252501
432693329732
432029914043
431141968748
431506263195
431106632556
429182013117
429942717794
428995252619
427858375718
425853995662
423322997182
423322997182
420921097100
420053915868
420361670722
418565122640
416702242698
414276005406
413711332442
412061566122
411495659817
411231474544
410878824227
409801398841
407943733316
407770399038
406883408494
406585799804
404685332961
403824131053
399677757307
399677757307
398156572339
397088836186
395757973366
394616016431
393268704608
392812108711
390341591970
390728778092
388840494825
388472940730
385445963627
385141956168
384748380326
384596870646
383276676245
381879619870
379519417497
378525169297
376922750841
374601319573
373114344269
372445681405
372754410582
371922320737
370422644471
370094618324
368743265821
367656697423
366695976498
366065038704
364243089097
363907746075
364653491758
363490539843
362769665492
362127764932
362127764932
361158156587
361777408307
360193878974
358180299454
357910674746
356934796634
353748338652
352300998740
351733828546
350915503311
350815050222
351454244498
351002442637
349253916880
345687703002
344670413098
343433020677
343433020677
342838952875
340973656245
340375132444
339121246727
339121246727
337076739199
336780300825
335944804888
333761956785
333879476777
333475771916
332514452405
331237840979
332148898271
330093020436
328156360078
327632363092
326035529220
325964443575
326865863220
326311426542
326474677591
325483255678
324249896465
323885309555
320104962874
317392755364
318056198240
317747265896
315247817996
315247817996
314362541494
313481810752
312851163741
311503567549
310094782594
307897869557
305717102872
305099036255
303918106027
302130049270
301448743000
299186805454
298105786322
296941674417
297627993453
295988884740
294416362882
292672937283
288225932266
287287129720
285419237702
281786387645
280295963965
278891906057
278456831022
275822445466
274121166965
272650015697
270015235213
269922482175
269138419890
268742611854
268742611854
265412050622
263539675007
261404960768
259731214787
256971332675
256647631041
254650362115
254305569919
252839702619
251256688427
251006246383
249528009016
246842806631
245780039008
245691636278
245175387816
243975854124
241937176140
241937176140
240324242502
238830503700
237925440264
236465993533
232980938592
229617277413
228621619077
227416700876
226208960884
224313333645
223818639473
221573598764
221074955479
219655311552
218539477780
218200117254
216009942516
215114916915
213585036857
211816056604
209446659247
208549702285
207017448559
206077690087
206077690087
204837487501
204220289360
203778211363
201854268952
200161295101
198985095686
195245491729
194220251234
194775421982
192760296503
191252557280
188460476872
186462635572
185265705016
183242121766
179559078228
177741242990
176905143926
175708383996
175708383996
174482623168
170857682855
167508837194
166835900635
164695203248
163610555713
162509702941
162130754006
159632687488
159487168156
157194383976
155828729332
154125241381
151128362894
149617321858
148395481167
147411631970
146142471959
145294086228
143287057398
142762838418
141763092103
140852699747
139316262800
137436118250
136755412534
136560145929
136154416522
135044301379
133496400262
131839565917
131852270290
131332771118
130966505729
130738029525
129414439050
129234311911
128505667880
128144641743
126613776150
124546588520
122442609412
121522312701
119761117015
116545186918
113770636422
113541093960
112046055007
111385310488
109552727664
109107782571
108389361851
106935272257
106836781496
105401337517
103614202270
102949642696
98925594060
98925594060
95716493564
94150177773
93334667245
91159535306
89741163028
89321054266
86629920358
85504386709
84736605309
83781174629
82777395004
81591440657
81591440657
80213785751
78957257106
78625109059
77327793338
76204026451
74351093016
71804291234
70888980143
69789708716
68287224867
66280410555
63703276080
61427997803
58506316711
55650627787
54281214334
53410206149
53155962137
52810297700
51368237836
50623360966
49629527950
48792666485
45499804204
45499804204
42968251854
42009372019
41041093550
40355691489
38483055369
36084423756
35344259793
33708855642
33571610947
28935842998
28262243359
26681295184
26340988611
26280049700
23990327798
22856841074
19895625875
17858034398
16970845824
15418838131
13221538100
11159820200
8913780444
6617347407
5735295764
5439162212
4342819527
2802820210
1208026875
