1978
2 1
3 2
4 3
4 5
5 6
7 6
7 8
8 9
9 10
10 11
12 11
12 13
14 13
15 14
15 16
16 17
18 17
19 18
19 20
20 21
22 21
23 22
23 24
25 24
26 25
26 27
28 27
29 28
29 30
30 31
32 31
33 32
34 33
34 35
35 36
37 36
37 38
39 38
40 39
41 40
42 41
43 42
43 44
45 44
46 45
47 46
47 48
49 48
50 49
50 51
51 52
53 52
54 53
55 54
55 56
57 56
57 58
58 59
59 60
60 61
62 61
63 62
64 63
64 65
66 65
66 67
67 68
69 68
69 70
71 70
71 72
73 72
74 73
75 74
76 75
77 76
78 77
78 79
79 80
81 80
81 82
82 83
84 83
85 84
86 85
86 87
88 87
89 88
90 89
90 91
91 92
92 93
94 93
95 94
96 95
96 97
97 98
98 99
100 99
100 101
102 101
103 102
104 103
104 105
106 105
106 107
107 108
109 108
109 110
110 111
111 112
112 113
113 114
114 115
116 115
116 117
117 118
119 118
120 119
121 120
122 121
122 123
124 123
124 125
125 126
127 126
128 127
129 128
129 130
130 131
132 131
132 133
133 134
135 134
135 136
136 137
137 138
138 139
139 140
140 141
141 142
142 143
144 143
145 144
145 146
147 146
147 148
148 149
150 149
150 151
151 152
153 152
154 153
155 154
156 155
156 157
158 157
159 158
160 159
160 161
162 161
162 163
163 164
164 165
166 165
167 166
168 167
168 169
170 169
171 170
171 172
173 172
174 173
174 175
176 175
176 177
178 177
179 178
180 179
180 181
182 181
182 183
184 183
184 185
185 186
186 187
188 187
188 189
189 190
191 190
191 192
192 193
193 194
194 195
196 195
196 197
197 198
198 199
199 200
200 201
202 201
202 203
203 204
204 205
206 205
206 207
208 207
208 209
210 209
211 210
211 212
213 212
213 214
215 214
215 216
217 216
218 217
218 219
220 219
221 220
221 222
222 223
224 223
224 225
225 226
227 226
227 228
228 229
230 229
231 230
232 231
233 232
234 233
235 234
236 235
237 236
237 238
238 239
239 240
241 240
241 242
243 242
244 243
244 245
245 246
247 246
247 248
248 249
249 250
251 250
251 252
253 252
254 253
255 254
255 256
256 257
258 257
259 258
259 260
261 260
261 262
262 263
263 264
264 265
265 266
267 266
267 268
269 268
270 269
271 270
272 271
273 272
274 273
274 275
275 276
276 277
277 278
278 279
280 279
281 280
281 282
283 282
284 283
285 284
285 286
286 287
287 288
288 289
290 289
291 290
292 291
293 292
293 294
294 295
296 295
296 297
298 297
298 299
299 300
301 300
302 301
303 302
303 304
305 304
306 305
306 307
307 308
308 309
309 310
310 311
311 312
312 313
313 314
315 314
315 316
317 316
318 317
318 319
320 319
320 321
321 322
323 322
324 323
325 324
325 326
326 327
328 327
329 328
329 330
330 331
332 331
332 333
334 333
335 334
336 335
336 337
337 338
338 339
339 340
340 341
341 342
342 343
344 343
344 345
345 346
346 347
348 347
349 348
349 350
350 351
352 351
352 353
354 353
355 354
355 356
357 356
358 357
358 359
359 360
361 360
361 362
363 362
363 364
365 364
366 365
367 366
367 368
369 368
370 369
370 371
371 372
373 372
374 373
375 374
376 375
377 376
378 377
378 379
379 380
381 380
381 382
382 383
384 383
385 384
385 386
386 387
387 388
388 389
390 389
390 391
391 392
392 393
394 393
395 394
396 395
397 396
398 397
399 398
400 399
401 400
402 401
403 402
404 403
405 404
406 405
407 406
408 407
408 409
410 409
411 410
411 412
413 412
413 414
414 415
416 415
416 417
418 417
418 419
419 420
420 421
421 422
423 422
423 424
425 424
425 426
426 427
428 427
428 429
430 429
431 430
431 432
432 433
434 433
434 435
435 436
436 437
437 438
439 438
439 440
441 440
442 441
443 442
444 443
444 445
446 445
446 447
448 447
449 448
449 450
451 450
451 452
452 453
453 454
454 455
455 456
456 457
458 457
458 459
460 459
461 460
461 462
463 462
464 463
464 465
465 466
467 466
468 467
469 468
469 470
471 470
471 472
472 473
474 473
475 474
476 475
476 477
477 478
479 478
479 480
480 481
482 481
483 482
484 483
485 484
486 485
486 487
488 487
489 488
489 490
490 491
492 491
492 493
494 493
494 495
496 495
497 496
498 497
498 499
500 499
501 500
501 502
502 503
504 503
505 504
506 505
507 506
508 507
508 509
510 509
511 510
512 511
512 513
514 513
515 514
515 516
516 517
518 517
519 518
519 520
520 521
521 522
522 523
523 524
524 525
526 525
526 527
528 527
528 529
529 530
531 530
532 531
532 533
534 533
534 535
536 535
536 537
537 538
539 538
539 540
540 541
541 542
542 543
544 543
545 544
545 546
546 547
547 548
549 548
550 549
551 550
552 551
552 553
553 554
555 554
555 556
557 556
557 558
558 559
560 559
561 560
562 561
563 562
563 564
565 564
565 566
567 566
567 568
569 568
570 569
570 571
572 571
572 573
574 573
574 575
575 576
576 577
577 578
579 578
579 580
580 581
582 581
583 582
583 584
584 585
586 585
586 587
587 588
589 588
589 590
590 591
591 592
593 592
594 593
595 594
596 595
597 596
598 597
598 599
599 600
601 600
602 601
602 603
604 603
605 604
606 605
606 607
607 608
608 609
610 609
611 610
611 612
613 612
614 613
615 614
616 615
617 616
617 618
619 618
620 619
621 620
621 622
622 623
623 624
624 625
626 625
626 627
628 627
629 628
629 630
631 630
632 631
632 633
633 634
634 635
636 635
637 636
638 637
639 638
639 640
640 641
641 642
642 643
644 643
645 644
646 645
647 646
648 647
649 648
649 650
651 650
651 652
653 652
653 654
654 655
655 656
656 657
657 658
658 659
660 659
660 661
661 662
663 662
663 664
664 665
665 666
667 666
668 667
668 669
669 670
670 671
672 671
673 672
674 673
675 674
676 675
676 677
677 678
678 679
679 680
680 681
682 681
682 683
683 684
685 684
686 685
686 687
688 687
688 689
690 689
691 690
691 692
692 693
693 694
694 695
696 695
696 697
698 697
699 698
700 699
701 700
701 702
702 703
704 703
705 704
705 706
707 706
707 708
708 709
709 710
711 710
712 711
712 713
714 713
715 714
715 716
717 716
718 717
718 719
719 720
721 720
721 722
722 723
723 724
725 724
725 726
727 726
727 728
728 729
729 730
730 731
731 732
733 732
733 734
735 734
736 735
737 736
737 738
739 738
740 739
741 740
742 741
743 742
744 743
745 744
745 746
746 747
748 747
748 749
749 750
750 751
752 751
752 753
753 754
754 755
755 756
756 757
757 758
758 759
759 760
760 761
761 762
763 762
764 763
765 764
765 766
766 767
768 767
768 769
769 770
771 770
772 771
773 772
773 774
775 774
775 776
776 777
778 777
779 778
780 779
780 781
781 782
783 782
783 784
784 785
785 786
787 786
788 787
788 789
790 789
790 791
791 792
792 793
793 794
795 794
795 796
796 797
798 797
798 799
800 799
800 801
801 802
803 802
804 803
805 804
806 805
807 806
807 808
808 809
809 810
811 810
811 812
813 812
813 814
814 815
816 815
817 816
817 818
819 818
820 819
821 820
822 821
822 823
823 824
825 824
826 825
826 827
828 827
828 829
830 829
831 830
832 831
833 832
834 833
834 835
835 836
837 836
837 838
838 839
839 840
840 841
841 842
842 843
843 844
845 844
846 845
847 846
847 848
848 849
850 849
851 850
851 852
852 853
853 854
855 854
856 855
856 857
858 857
859 858
859 860
860 861
861 862
862 863
863 864
865 864
866 865
866 867
868 867
869 868
870 869
871 870
872 871
873 872
874 873
875 874
876 875
876 877
878 877
878 879
879 880
881 880
882 881
883 882
883 884
885 884
885 886
887 886
888 887
888 889
890 889
891 890
892 891
893 892
894 893
894 895
895 896
897 896
898 897
899 898
900 899
901 900
902 901
902 903
903 904
905 904
906 905
906 907
908 907
908 909
910 909
910 911
911 912
912 913
914 913
915 914
916 915
917 916
918 917
918 919
919 920
921 920
921 922
922 923
923 924
925 924
926 925
927 926
928 927
929 928
929 930
930 931
932 931
932 933
933 934
935 934
935 936
937 936
938 937
939 938
940 939
941 940
941 942
942 943
944 943
944 945
945 946
947 946
947 948
949 948
949 950
951 950
952 951
952 953
954 953
954 955
956 955
957 956
958 957
958 959
960 959
961 960
962 961
963 962
964 963
964 965
966 965
967 966
967 968
968 969
969 970
971 970
971 972
973 972
974 973
974 975
976 975
976 977
977 978
979 978
979 980
981 980
981 982
982 983
984 983
984 985
986 985
987 986
987 988
988 989
990 989
990 991
992 991
993 992
994 993
995 994
996 995
997 996
998 997
999 998
1000 999
1000 1001
1001 1002
1003 1002
1004 1003
1004 1005
1006 1005
1006 1007
1007 1008
1008 1009
1010 1009
1010 1011
1012 1011
1012 1013
1014 1013
1015 1014
1015 1016
1016 1017
1017 1018
1018 1019
1019 1020
1021 1020
1022 1021
1022 1023
1024 1023
1024 1025
1026 1025
1026 1027
1027 1028
1029 1028
1029 1030
1031 1030
1031 1032
1032 1033
1033 1034
1035 1034
1035 1036
1037 1036
1038 1037
1038 1039
1039 1040
1040 1041
1041 1042
1043 1042
1044 1043
1045 1044
1046 1045
1047 1046
1048 1047
1049 1048
1050 1049
1051 1050
1052 1051
1053 1052
1054 1053
1054 1055
1056 1055
1057 1056
1058 1057
1058 1059
1059 1060
1061 1060
1061 1062
1062 1063
1064 1063
1065 1064
1066 1065
1067 1066
1067 1068
1068 1069
1069 1070
1070 1071
1071 1072
1073 1072
1073 1074
1075 1074
1075 1076
1077 1076
1077 1078
1078 1079
1079 1080
1080 1081
1082 1081
1083 1082
1084 1083
1084 1085
1086 1085
1086 1087
1087 1088
1089 1088
1090 1089
1090 1091
1092 1091
1092 1093
1093 1094
1094 1095
1095 1096
1097 1096
1097 1098
1098 1099
1099 1100
1100 1101
1102 1101
1102 1103
1104 1103
1105 1104
1105 1106
1107 1106
1108 1107
1109 1108
1110 1109
1110 1111
1112 1111
1113 1112
1114 1113
1115 1114
1116 1115
1117 1116
1118 1117
1118 1119
1119 1120
1121 1120
1122 1121
1122 1123
1124 1123
1125 1124
1125 1126
1127 1126
1127 1128
1128 1129
1129 1130
1130 1131
1131 1132
1133 1132
1133 1134
1135 1134
1135 1136
1137 1136
1137 1138
1138 1139
1140 1139
1141 1140
1142 1141
1142 1143
1144 1143
1145 1144
1145 1146
1147 1146
1148 1147
1149 1148
1150 1149
1150 1151
1151 1152
1153 1152
1153 1154
1154 1155
1156 1155
1157 1156
1157 1158
1158 1159
1159 1160
1160 1161
1162 1161
1162 1163
1163 1164
1165 1164
1165 1166
1166 1167
1168 1167
1168 1169
1170 1169
1170 1171
1171 1172
1172 1173
1173 1174
1174 1175
1175 1176
1177 1176
1178 1177
1179 1178
1179 1180
1180 1181
1181 1182
1182 1183
1184 1183
1184 1185
1186 1185
1187 1186
1187 1188
1189 1188
1190 1189
1191 1190
1192 1191
1192 1193
1194 1193
1195 1194
1195 1196
1196 1197
1197 1198
1198 1199
1200 1199
1200 1201
1202 1201
1203 1202
1204 1203
1204 1205
1206 1205
1206 1207
1207 1208
1208 1209
1209 1210
1210 1211
1211 1212
1213 1212
1213 1214
1215 1214
1216 1215
1217 1216
1218 1217
1219 1218
1220 1219
1221 1220
1221 1222
1222 1223
1223 1224
1225 1224
1225 1226
1226 1227
1228 1227
1228 1229
1230 1229
1230 1231
1231 1232
1232 1233
1234 1233
1234 1235
1235 1236
1237 1236
1238 1237
1239 1238
1239 1240
1240 1241
1241 1242
1243 1242
1243 1244
1244 1245
1245 1246
1247 1246
1247 1248
1249 1248
1250 1249
1251 1250
1252 1251
1252 1253
1254 1253
1255 1254
1255 1256
1256 1257
1257 1258
1259 1258
1260 1259
1260 1261
1262 1261
1262 1263
1263 1264
1265 1264
1265 1266
1266 1267
1268 1267
1269 1268
1269 1270
1270 1271
1272 1271
1273 1272
1274 1273
1274 1275
1275 1276
1277 1276
1277 1278
1279 1278
1279 1280
1281 1280
1282 1281
1282 1283
1284 1283
1285 1284
1286 1285
1287 1286
1287 1288
1288 1289
1290 1289
1290 1291
1292 1291
1292 1293
1294 1293
1294 1295
1295 1296
1297 1296
1298 1297
1298 1299
1300 1299
1301 1300
1301 1302
1303 1302
1303 1304
1305 1304
1305 1306
1307 1306
1308 1307
1309 1308
1309 1310
1310 1311
1311 1312
1313 1312
1313 1314
1315 1314
1316 1315
1317 1316
1318 1317
1318 1319
1319 1320
1321 1320
1321 1322
1322 1323
1323 1324
1325 1324
1325 1326
1327 1326
1327 1328
1329 1328
1330 1329
1331 1330
1332 1331
1332 1333
1334 1333
1335 1334
1335 1336
1337 1336
1337 1338
1338 1339
1340 1339
1341 1340
1341 1342
1343 1342
1344 1343
1345 1344
1345 1346
1347 1346
1348 1347
1349 1348
1350 1349
1351 1350
1352 1351
1353 1352
1353 1354
1355 1354
1356 1355
1356 1357
1358 1357
1359 1358
1359 1360
1360 1361
1361 1362
1363 1362
1363 1364
1365 1364
1366 1365
1367 1366
1368 1367
1369 1368
1369 1370
1370 1371
1372 1371
1372 1373
1373 1374
1375 1374
1376 1375
1377 1376
1377 1378
1379 1378
1380 1379
1380 1381
1382 1381
1382 1383
1383 1384
1385 1384
1386 1385
1387 1386
1388 1387
1388 1389
1389 1390
1391 1390
1391 1392
1392 1393
1394 1393
1394 1395
1396 1395
1397 1396
1397 1398
1399 1398
1399 1400
1401 1400
1401 1402
1403 1402
1404 1403
1404 1405
1405 1406
1407 1406
1408 1407
1408 1409
1410 1409
1410 1411
1412 1411
1412 1413
1414 1413
1415 1414
1416 1415
1416 1417
1418 1417
1418 1419
1419 1420
1421 1420
1421 1422
1423 1422
1424 1423
1424 1425
1426 1425
1426 1427
1428 1427
1428 1429
1430 1429
1430 1431
1431 1432
1433 1432
1433 1434
1434 1435
1435 1436
1436 1437
1437 1438
1438 1439
1440 1439
1441 1440
1442 1441
1442 1443
1443 1444
1444 1445
1445 1446
1446 1447
1447 1448
1448 1449
1449 1450
1451 1450
1451 1452
1452 1453
1453 1454
1454 1455
1455 1456
1457 1456
1458 1457
1459 1458
1459 1460
1460 1461
1461 1462
1463 1462
1463 1464
1464 1465
1465 1466
1467 1466
1468 1467
1468 1469
1469 1470
1471 1470
1471 1472
1473 1472
1474 1473
1474 1475
1475 1476
1477 1476
1478 1477
1479 1478
1479 1480
1480 1481
1482 1481
1483 1482
1484 1483
1484 1485
1485 1486
1487 1486
1487 1488
1488 1489
1490 1489
1491 1490
1491 1492
1492 1493
1493 1494
1495 1494
1496 1495
1496 1497
1498 1497
1499 1498
1500 1499
1500 1501
1501 1502
1502 1503
1504 1503
1504 1505
1505 1506
1507 1506
1507 1508
1508 1509
1510 1509
1511 1510
1512 1511
1512 1513
1514 1513
1515 1514
1516 1515
1517 1516
1518 1517
1518 1519
1519 1520
1521 1520
1521 1522
1523 1522
1524 1523
1525 1524
1526 1525
1526 1527
1528 1527
1528 1529
1530 1529
1530 1531
1531 1532
1533 1532
1533 1534
1534 1535
1535 1536
1537 1536
1537 1538
1538 1539
1539 1540
1541 1540
1542 1541
1542 1543
1544 1543
1544 1545
1545 1546
1547 1546
1548 1547
1548 1549
1550 1549
1551 1550
1551 1552
1552 1553
1554 1553
1554 1555
1555 1556
1556 1557
1558 1557
1559 1558
1559 1560
1561 1560
1561 1562
1563 1562
1563 1564
1565 1564
1565 1566
1566 1567
1568 1567
1568 1569
1570 1569
1571 1570
1572 1571
1572 1573
1573 1574
1574 1575
1576 1575
1576 1577
1578 1577
1578 1579
1580 1579
1581 1580
1581 1582
1582 1583
1584 1583
1585 1584
1586 1585
1586 1587
1588 1587
1588 1589
1589 1590
1590 1591
1591 1592
1593 1592
1594 1593
1595 1594
1595 1596
1596 1597
1598 1597
1599 1598
1599 1600
1601 1600
1602 1601
1603 1602
1603 1604
1605 1604
1606 1605
1606 1607
1607 1608
1609 1608
1610 1609
1611 1610
1612 1611
1612 1613
1613 1614
1614 1615
1616 1615
1616 1617
1617 1618
1619 1618
1620 1619
1621 1620
1622 1621
1622 1623
1623 1624
1625 1624
1625 1626
1627 1626
1628 1627
1628 1629
1629 1630
1631 1630
1632 1631
1633 1632
1634 1633
1634 1635
1635 1636
1636 1637
1638 1637
1638 1639
1639 1640
1641 1640
1642 1641
1642 1643
1644 1643
1644 1645
1645 1646
1647 1646
1648 1647
1648 1649
1650 1649
1651 1650
1651 1652
1652 1653
1653 1654
1655 1654
1656 1655
1657 1656
1658 1657
1658 1659
1659 1660
1660 1661
1662 1661
1663 1662
1663 1664
1664 1665
1666 1665
1666 1667
1668 1667
1668 1669
1670 1669
1670 1671
1672 1671
1672 1673
1674 1673
1675 1674
1675 1676
1676 1677
1678 1677
1678 1679
1680 1679
1680 1681
1681 1682
1683 1682
1684 1683
1684 1685
1685 1686
1686 1687
1687 1688
1688 1689
1690 1689
1691 1690
1691 1692
1692 1693
1693 1694
1695 1694
1696 1695
1696 1697
1698 1697
1698 1699
1699 1700
1700 1701
1702 1701
1703 1702
1704 1703
1705 1704
1705 1706
1706 1707
1707 1708
1708 1709
1709 1710
1710 1711
1711 1712
1712 1713
1714 1713
1715 1714
1716 1715
1717 1716
1718 1717
1719 1718
1720 1719
1720 1721
1721 1722
1722 1723
1723 1724
1725 1724
1726 1725
1727 1726
1728 1727
1729 1728
1729 1730
1731 1730
1731 1732
1732 1733
1734 1733
1735 1734
1735 1736
1736 1737
1737 1738
1738 1739
1740 1739
1740 1741
1742 1741
1742 1743
1743 1744
1745 1744
1745 1746
1746 1747
1747 1748
1749 1748
1750 1749
1751 1750
1751 1752
1752 1753
1754 1753
1755 1754
1756 1755
1756 1757
1758 1757
1758 1759
1759 1760
1760 1761
1762 1761
1762 1763
1764 1763
1764 1765
1765 1766
1767 1766
1767 1768
1769 1768
1770 1769
1771 1770
1772 1771
1773 1772
1774 1773
1774 1775
1775 1776
1776 1777
1777 1778
1778 1779
1779 1780
1780 1781
1781 1782
1783 1782
1784 1783
1784 1785
1786 1785
1787 1786
1788 1787
1788 1789
1789 1790
1791 1790
1791 1792
1793 1792
1794 1793
1794 1795
1796 1795
1797 1796
1798 1797
1798 1799
1799 1800
1801 1800
1802 1801
1802 1803
1804 1803
1805 1804
1806 1805
1806 1807
1807 1808
1809 1808
1810 1809
1810 1811
1812 1811
1812 1813
1813 1814
1815 1814
1816 1815
1816 1817
1817 1818
1819 1818
1819 1820
1820 1821
1821 1822
1823 1822
1824 1823
1825 1824
1825 1826
1827 1826
1827 1828
1829 1828
1830 1829
1830 1831
1832 1831
1832 1833
1833 1834
1835 1834
1836 1835
1837 1836
1838 1837
1839 1838
1840 1839
1841 1840
1841 1842
1843 1842
1843 1844
1844 1845
1846 1845
1847 1846
1848 1847
1848 1849
1850 1849
1851 1850
1852 1851
1853 1852
1853 1854
1855 1854
1855 1856
1857 1856
1858 1857
1858 1859
1859 1860
1860 1861
1861 1862
1862 1863
1863 1864
1865 1864
1866 1865
1867 1866
1867 1868
1868 1869
1870 1869
1870 1871
1872 1871
1872 1873
1874 1873
1875 1874
1876 1875
1877 1876
1877 1878
1878 1879
1879 1880
1880 1881
1882 1881
1883 1882
1883 1884
1885 1884
1886 1885
1886 1887
1887 1888
1889 1888
1890 1889
1890 1891
1892 1891
1893 1892
1894 1893
1894 1895
1895 1896
1897 1896
1898 1897
1898 1899
1900 1899
1901 1900
1902 1901
1903 1902
1903 1904
1904 1905
1905 1906
1906 1907
1908 1907
1908 1909
1909 1910
1911 1910
1912 1911
1912 1913
1913 1914
1914 1915
1916 1915
1916 1917
1917 1918
1918 1919
1920 1919
1920 1921
1921 1922
1922 1923
1923 1924
1925 1924
1926 1925
1927 1926
1927 1928
1929 1928
1929 1930
1931 1930
1932 1931
1933 1932
1933 1934
1935 1934
1935 1936
1937 1936
1938 1937
1939 1938
1940 1939
1940 1941
1942 1941
1943 1942
1943 1944
1945 1944
1945 1946
1947 1946
1947 1948
1949 1948
1950 1949
1951 1950
1951 1952
1953 1952
1954 1953
1954 1955
1955 1956
1957 1956
1958 1957
1959 1958
1960 1959
1960 1961
1961 1962
1962 1963
1964 1963
1965 1964
1965 1966
1966 1967
1968 1967
1968 1969
1970 1969
1971 1970
1972 1971
1972 1973
1974 1973
1974 1975
1975 1976
1977 1976
1978 1977
2958
1538 1777 22101075
1125 126 477854821
930 1719 116257490
204 426 975618689
1820 464 229211685
934 928 858071593
1341 899 770824107
12 328 271355086
373 1309 580005561
324 1392 973998731
1774 382 128245772
1036 173 794437379
897 1943 846636355
1837 913 919197092
653 345 339878817
835 1256 641457770
735 1415 572812803
171 1351 596545173
607 1853 572585222
1778 1814 122978291
1261 510 138484890
521 641 364100285
195 913 390667643
743 206 359697951
1438 235 198347909
186 511 117218466
149 38 738824932
34 740 806989865
1866 1734 994876499
57 975 769488911
1970 1129 473517385
1627 427 714675556
299 7 969724960
1344 109 447343175
1706 1170 972320526
551 1172 529094970
1072 89 575438902
928 1352 821857171
327 849 303155427
1285 467 479866669
163 1819 321862760
110 1670 850842907
1958 1491 835905326
1725 1929 301049827
42 1770 275836627
505 107 897189670
1958 614 351196558
945 1676 714015772
64 871 911200921
1103 505 117965391
1320 1374 331276499
1230 126 391216988
1947 1016 829224588
1802 134 294692671
249 1310 309544884
1155 1907 246442917
1254 1294 195738878
402 1533 345678701
895 905 11189330
453 990 611729551
1702 1960 462738121
927 891 911345260
1817 649 293895475
1847 1042 992866536
1234 344 958461827
1380 221 779892574
1884 431 18284752
1174 620 320184488
238 28 134308741
731 1609 776847715
606 1213 526024304
1453 1512 746522278
1244 1844 424163182
1579 1658 264185273
472 874 834510548
1365 1503 427834907
590 493 855738365
1090 1644 994442191
1422 1053 38065864
765 780 371384547
1144 122 624268659
414 1896 13986501
1099 1222 235776468
1871 880 945095604
1708 1813 619251720
954 1154 174314943
695 741 374390120
1589 1111 434350621
1043 700 272220442
1428 1683 558267865
1538 641 145832830
1917 377 588471856
679 1814 71728325
1154 998 41155458
334 1847 656990926
1064 528 22003652
1872 1859 798214505
1835 1 112592006
1776 941 767054230
684 813 660631159
991 1296 678259159
542 1862 522421064
987 160 96304631
1304 31 469601861
826 380 548971567
476 1694 328026147
427 439 637452737
1595 272 606340441
1392 1909 851466810
395 1052 283214085
186 416 830861008
1737 1788 518759301
55 1309 706630977
1826 657 799644902
556 1679 515189775
774 1155 286585222
294 1018 804903799
893 311 788480754
229 765 369446655
100 580 164753732
928 246 698968274
1738 1788 318424839
695 1346 108943644
1039 784 534286674
1765 281 354234842
1934 1186 646523876
1629 33 484133583
459 108 742705103
745 569 135374638
1940 508 379244463
1395 825 183418213
1530 527 340198160
383 805 4182520
1580 1887 290118909
924 187 419344082
449 1131 533010528
1130 1210 631932265
308 509 814584139
647 1843 683314262
658 915 601915007
796 376 98218368
1525 115 908216781
1445 1628 363248165
1295 31 400305931
1800 153 167940285
168 584 826059464
744 208 166370530
453 351 813232666
191 258 920357806
1343 16 371283600
1954 113 924238801
852 963 585563166
1202 1003 335673900
741 1419 198962708
89 1368 210072329
1353 1966 980355064
1474 548 301820426
1473 237 231948043
177 894 163492577
82 209 44939018
1459 222 832989924
291 1786 77628038
1421 314 361689838
11 849 817624933
1067 919 843962585
1221 1816 715582976
885 1812 444422723
1523 728 16239055
916 1474 918411520
1078 373 797420420
627 333 351471044
1909 1335 131708700
144 1324 94511491
845 1838 614763311
1133 200 199566770
470 1116 684710979
208 335 409989453
1450 1022 741915235
481 1617 505790804
484 1928 787403433
1355 1411 787740347
306 1235 23230342
551 1560 289919424
102 1775 537200938
1298 895 405538383
624 1692 832089845
1595 788 711527758
643 859 552888317
1572 1859 125738376
584 4 358393284
1246 1801 182778061
1054 120 425087400
520 1779 272111472
254 1587 227811164
1389 178 586389950
437 598 322823469
1325 1396 258699167
1310 1929 780600098
1152 1560 955079369
180 1065 44244735
1564 1509 626487047
454 1089 702990532
391 534 904821565
1778 856 351935158
119 392 73715785
445 454 746624424
1035 887 436947917
1656 416 932032183
871 1014 131444378
508 1097 62048014
1567 1720 650794106
1157 1859 253210559
349 624 542895247
1783 1759 575744825
1793 69 162475291
1496 272 432175288
647 166 884624247
725 874 386354214
1680 1432 304007459
720 657 922679264
743 1882 749044114
788 116 230153397
317 1525 350715313
1067 598 625150404
1751 645 387959214
199 844 477716779
1326 120 30360878
402 1934 109549739
1430 935 983609200
905 1305 568176815
293 1498 430484696
532 656 337351013
613 1909 85414230
1086 1844 930564669
1246 288 201196619
29 1841 471993418
434 1763 312990777
99 919 64527391
589 1450 268660846
487 1039 793071837
1408 1006 867696334
121 1320 933815164
1563 628 562653308
509 662 897903667
1918 419 134571697
1965 1906 851457206
287 492 85466711
964 47 806719747
1543 320 64534788
1104 504 928747065
1863 152 177675782
1227 265 734531864
1935 511 696017098
429 580 201696347
676 803 133970110
871 1782 324036473
1617 94 546507815
367 807 844300273
1 1125 864081255
499 642 35268136
1191 254 911868308
855 705 851683562
432 837 15620541
1804 237 707366215
1650 537 426477863
951 697 594550753
1156 794 827072174
537 90 142803893
114 777 753959541
97 1401 456167384
1189 16 960568156
95 1856 228082226
1459 1155 9372776
873 1339 680154746
444 1542 46494978
648 1016 311172481
1828 962 292266072
276 70 176231593
788 911 185815858
956 1442 631897330
456 1010 428380657
635 213 93962951
1352 1524 462642814
741 768 999776280
351 1901 149108457
567 507 858686280
31 778 399290997
1023 1440 413898813
1711 1699 57607479
369 380 920592662
1938 1677 775211760
365 22 255569190
1477 1156 143821876
518 440 465330237
527 1959 182786155
40 848 555639169
1731 462 835495937
1421 1401 823402489
1387 308 543343290
819 1738 411463287
468 1184 61561993
1231 36 598584276
309 795 788798359
260 39 187586635
1909 1181 693703690
1289 1786 318179998
230 1912 198332024
1670 909 299370841
1117 405 263243617
1732 1426 992691147
499 62 357053795
95 288 27359751
917 625 409528833
1287 1077 918715721
1430 1960 782941003
1413 838 50139380
215 1095 467346999
1781 323 945893338
601 1048 679408801
277 1384 998088756
1439 1535 599176685
950 373 182599338
1105 749 942102840
1389 686 976680861
626 1727 596708552
710 1509 384133943
1749 1280 938479936
748 2 806757374
80 1838 746000624
973 766 653611494
1014 1312 415740344
226 262 169055054
1917 1825 367664758
1626 1974 39837847
1143 410 646612359
458 1675 107001587
1730 1197 278099466
1475 1096 311254683
1620 1030 711257271
1392 1508 683476309
572 1663 193718737
1495 1969 559776922
798 1613 564726878
1586 259 271149293
800 629 617287308
726 1198 934664552
703 1924 322472050
1596 1556 254532635
827 1143 75997128
1090 1409 532202289
622 1112 995772407
18 1775 466037831
1804 1671 215728985
354 405 663761253
747 1462 428352863
915 764 918375985
1134 838 222993251
1709 406 823247546
194 1483 362131632
253 541 206587924
1190 321 474877761
691 412 592538248
705 372 752748367
1520 110 29788984
773 1141 302479225
1337 1396 635658878
631 550 65321739
364 879 821094380
272 47 844674529
640 1134 823970450
1575 76 813006060
1241 32 788723663
463 885 928244133
1686 1362 994248200
421 1867 747707632
1615 704 776177302
1312 1190 962081387
1626 456 173226367
608 1605 346796921
40 1551 273918687
386 1936 54814878
1443 1530 211074980
317 624 358001067
1328 435 36098936
439 40 766436200
928 268 845001899
1611 673 499404807
1283 1477 31770418
1092 1331 785825566
1111 651 606449715
1597 488 148378420
1207 1123 653553021
1378 1574 703805267
810 1037 133701184
667 133 617708890
1133 1062 681305727
1508 1490 890453749
1172 421 263220301
264 1399 764153546
1518 544 53403890
1171 1092 324286277
187 1261 403689203
1120 523 148559786
12 1471 252207648
1685 870 214503822
109 352 195623967
393 811 86371352
424 1480 240021047
293 1091 839757348
240 1458 609838949
1147 147 818741879
1265 129 801328578
820 591 751923838
638 1366 826859509
1911 283 982199877
1201 73 740208956
95 120 661201750
1498 1540 668786334
403 995 105799669
758 1339 248335899
19 1587 950762982
416 1670 85037674
962 1653 595832186
1282 1249 689524931
747 536 463833527
1971 1904 138081284
1307 1380 444285218
1845 1032 577972891
1189 1671 948301712
755 978 365827202
45 1767 866141545
264 644 154646773
629 159 410354422
1421 1689 930710410
66 1530 653446547
223 91 575451168
895 1678 937260137
1225 73 362830376
714 72 82409080
848 813 144632765
329 919 459627611
1451 643 679101962
1638 719 507754570
1016 1178 692128159
807 147 628339545
1924 974 124418189
461 130 113049141
1197 58 475628218
1425 70 98946782
1896 1118 814410002
628 1637 22943558
863 134 98460293
1710 260 269624708
106 1540 203045964
1302 1850 881745376
1106 761 600577834
1429 1652 963019741
973 150 718262410
74 1479 997100578
1902 799 118954959
1166 1811 832229233
1065 1757 176415369
344 1477 484844492
253 233 893796422
790 1944 744876870
682 108 621292298
1734 1812 701823754
1744 1909 741301227
760 410 261398508
809 557 384714024
1692 1782 312740450
1565 27 917529410
665 439 593494031
897 1240 142872975
1713 669 394405505
1345 1219 855470552
597 790 937673157
402 800 468947194
68 1818 920598980
1234 1750 933285128
177 107 491346390
1814 1731 645917138
1808 1026 484951436
205 1199 107731418
456 97 48987523
753 1929 771283510
1003 1616 375134249
1161 1120 306852053
1040 61 308062718
269 425 870209796
181 1087 26261610
123 63 668198673
1938 821 133042908
1421 1813 359683503
45 1055 153826761
588 1328 87074504
236 806 373366488
30 738 91071895
404 407 898595816
1725 484 351059195
428 1453 286191572
1314 1689 140760228
337 1500 184863439
819 1790 544006716
566 150 327548189
624 1581 257836990
1565 707 114209611
1549 469 125821177
1189 1725 634746999
886 657 615107430
541 354 504528972
785 464 587582278
1478 1235 985743723
238 1394 166099530
916 633 151127737
17 1457 685358829
463 1421 213846716
1947 1822 530189493
956 474 416493379
1270 1177 236230302
174 1664 297608690
1347 1047 53830037
476 999 709070715
1748 980 364586910
1424 1821 670541806
248 1523 795006923
648 509 541058380
1282 190 519724069
1399 1340 872589229
233 1172 941084708
1273 402 533489427
1489 1825 967194012
1761 1464 965581314
1255 537 171610946
1080 15 356536366
877 698 948602855
70 683 726898562
1876 595 94170813
1790 1506 294504245
873 180 947141859
1157 198 390612957
1029 17 969460891
79 197 437321134
1839 85 185298367
1744 1882 907790231
589 1762 616203841
529 687 179757454
1498 1 109602677
935 1306 93051567
1395 1830 78985890
1057 646 860459145
1788 529 624310570
1937 87 847825174
409 1665 965704155
892 1579 607773584
650 1164 679423030
1110 1911 684541157
54 1954 113555560
873 1418 297011288
108 629 528944692
981 1654 578512852
1554 1031 948588369
775 270 869627372
1805 384 681841845
100 1802 482301235
849 159 541322588
236 656 635009152
1296 72 682503633
1623 1808 680593730
253 1917 925421678
900 1870 267497368
502 883 635303860
1735 1914 752409188
375 350 582911362
87 1540 517469868
210 960 831159863
870 1961 112045807
1521 432 916270623
1267 1924 635234061
1409 1531 488603274
1534 238 120674015
406 1592 761727373
923 1853 238613340
618 172 606129755
768 467 754795712
1164 148 622121564
296 1418 566928216
1768 51 702629422
411 994 260465778
520 1196 778771037
316 842 785902615
1905 121 127888494
1327 413 508405618
24 929 853774000
328 1227 650651422
169 1752 168201491
1778 965 642683336
745 1888 180127139
1971 757 899111326
594 789 20509907
1261 192 894705738
1870 568 307964047
1525 1865 888260287
193 1637 534275777
532 877 709596152
733 571 983528331
1618 1811 749444037
1347 1409 916728291
152 568 875612390
531 811 707770989
309 242 205348907
334 441 586460202
845 1936 469077943
1847 1038 140092517
1037 713 406900582
1860 1670 72903205
351 1520 130267495
209 467 597094013
1147 1234 8101952
614 483 502602839
419 593 1987419
1775 1874 198003730
892 1144 69120236
1810 1119 354474217
1782 789 101931295
425 30 141837437
1699 1021 399457603
418 265 677535716
1158 261 865234247
1126 807 702212422
127 752 479291362
296 1296 74592536
1085 603 281733230
1145 360 644863
421 1758 947577354
1437 305 842152389
853 1615 317593901
1162 40 550106726
1966 909 364366796
1329 1718 160485446
196 1168 720609468
211 390 299108735
1597 894 607822135
1742 1282 71085645
1773 677 478760649
1447 729 40486155
699 1319 986360426
623 1133 331174369
1017 559 215069906
1866 143 516164537
1729 1137 842325234
441 900 445167940
1076 268 104178737
1587 760 18921966
598 606 829195697
745 1899 49027465
382 88 819456159
1355 1193 2817759
812 85 597284733
1316 1422 543626452
20 1675 194493313
1084 1613 907014659
1681 1071 791319302
252 221 760611170
832 465 591169135
1507 1719 350138394
591 1075 870098651
498 1771 702104726
531 360 822772660
283 902 742979149
757 428 389815480
1847 1738 822084616
315 787 148383006
924 967 763993136
85 1381 906768642
769 243 728034550
733 1581 198329912
1548 216 78736075
285 1499 760842338
955 1925 740606442
381 293 835427343
1518 153 765866978
1935 744 396254255
1183 1966 461237307
87 1652 243846508
557 869 829026833
1607 1880 537563783
1522 604 626034965
380 1315 192733233
22 1808 679740827
1119 1717 234738942
951 1675 71716006
1642 381 601316022
1765 890 168982327
488 80 222373585
1113 633 298614608
829 650 447431635
1331 1889 728644031
1115 1968 412292189
1389 347 862008699
549 1892 132760340
1871 1798 35635061
762 489 457749662
1963 434 132192990
633 261 683624507
445 1006 158448242
701 15 715412258
1233 763 352313506
70 198 594955026
165 1712 634617693
867 405 910344675
1509 765 833830795
538 1427 390086574
1487 1435 13886208
590 867 470003465
799 1770 407518835
1387 1440 560426720
42 14 622094020
462 1823 426579203
1849 1188 234600622
1626 50 72902167
919 323 258816789
1732 141 937924041
1207 1760 191994522
1950 380 958879835
497 483 223120464
490 225 557763748
404 151 359596888
1282 1422 665590740
1125 688 475283687
1370 590 83704837
299 708 535093888
51 799 786607755
1166 1677 772001747
1367 1372 205509478
1949 576 734473102
1268 21 142827120
348 16 250648702
934 854 184833333
1585 1351 798179893
1936 1011 761214955
1338 1870 272924316
1681 749 537523734
1957 127 365505461
1865 1514 758037651
1892 1218 236712367
166 1052 871775364
959 1580 980679670
1789 563 212163363
44 814 625371046
784 307 943387095
768 668 302969353
494 40 671282625
1502 251 623282193
1386 622 814042771
1394 1864 396552361
204 807 603712039
737 572 148593719
1414 952 724224029
1895 903 491276593
982 1461 46696098
1871 384 816050274
1236 833 501371447
904 76 125180783
1337 123 20245889
820 1749 609228355
41 994 650293904
1316 526 253843700
534 1128 582389909
1126 1970 798162695
814 1395 750440740
1056 1481 604932530
279 1634 731768400
1750 1581 604262751
1636 944 786745966
55 787 582061684
1800 367 315355383
1005 81 511321964
694 568 960469452
326 807 968095389
24 579 155894519
1635 829 944619097
1276 1451 474933704
1129 1044 989595685
681 1173 704889609
1084 459 265393023
313 633 529086034
625 1622 208286510
927 1737 363158541
796 8 147503357
144 1204 259493690
583 1384 118356615
1086 1353 780290311
1232 1359 753134006
1277 909 695617648
102 1773 621902576
692 1382 760378090
508 870 123682931
693 987 757899116
883 1380 273786022
1393 688 166991010
1554 513 684839184
1837 527 257002323
969 1559 185571222
765 1279 358287404
1632 1437 364928930
1876 908 530653334
1849 858 601498442
1563 1608 842523652
1685 498 945046653
262 1601 860464963
1615 155 382638821
1924 523 250479100
120 957 962483056
1008 1818 170957280
581 885 210794228
1431 193 522931527
275 1854 768081602
781 1679 379851295
1740 53 523996986
135 480 878695191
447 162 758016056
837 249 278535395
1011 41 96151850
1482 191 701110735
1093 1587 768497707
1548 1495 232916490
1035 686 93623542
26 1326 16942747
1060 1024 925248588
835 106 287447425
1726 1190 86374125
1106 73 780766416
114 1713 537535458
738 1037 305077506
1977 903 714382875
1142 968 330677738
1538 1390 79703401
1760 1476 413402300
1053 1517 508000448
1883 1584 900242649
1306 1667 773285390
1922 502 684655166
281 336 672317559
435 1011 534811692
1766 333 671950251
1274 1349 188775536
1693 1389 814829795
1196 1472 489617635
384 469 993167379
1835 938 524101995
612 505 88813100
653 1738 805258698
1643 1009 79362651
282 887 183498760
1874 1611 485829644
566 359 544438071
683 227 492186697
1243 1188 613161178
131 300 124989542
849 1932 406513214
675 128 550449366
360 1484 378677681
1246 874 140128902
922 202 858236339
1836 1611 285397151
650 1689 126400918
1307 1721 255032727
799 1833 617198141
1005 513 724900514
164 296 510503131
1766 1066 584393657
399 1084 657736829
937 1104 543086388
136 854 340396721
367 895 437831323
397 1847 12049930
458 210 837358093
250 1395 996344049
1123 616 812257654
1718 1121 291316415
1145 975 121007654
229 1418 730746758
1530 788 157989382
1366 1193 315982692
189 684 736262374
204 755 753333762
328 486 175096702
1206 659 480618857
1006 878 942963457
208 1197 298664580
911 1318 400138912
1730 808 664256046
45 1538 659878974
1630 722 504104397
412 532 660070221
1492 198 952669815
20 1113 744635340
52 1052 485539171
1331 1500 527981173
1403 759 793425437
128 50 172959929
1685 988 280861617
763 667 184372363
418 151 752347155
860 1827 584299522
331 656 15423948
9 1069 864674453
471 1933 220840053
1949 751 806384423
770 53 215120556
772 1712 883395708
1333 775 69852754
451 666 545954614
1976 525 301743098
243 1520 257783202
869 730 84091716
155 962 702224866
1862 795 807550820
178 1305 340034126
360 968 331046816
770 1637 861176650
357 169 55366072
199 120 205599850
273 1843 512838909
375 645 401220942
476 1526 701907592
978 689 202055458
963 1062 263566795
1513 1385 139755550
536 1953 204154723
136 51 635333987
1873 1970 274412438
1317 1338 274228325
502 1021 356720580
1436 1615 492099460
1318 523 567995884
863 1098 875537012
1159 907 761288064
861 790 421730375
1434 1529 967186034
1869 982 707827499
32 216 359283506
47 1669 235823414
805 1188 912754633
913 563 689484889
1091 100 302800337
208 1896 688052590
624 1293 224823223
292 1574 271338822
1415 5 380447931
1796 1433 439877714
1032 889 957332657
1836 301 503624687
982 447 382935071
613 729 620883553
613 1873 149852102
913 1520 266157307
1489 619 403806234
1265 638 617365930
294 1257 461872291
878 207 736379189
1537 1645 351566240
1115 189 639099292
336 1266 447621091
1688 192 701301125
617 978 422621783
245 369 155074323
524 1674 456595897
274 325 388970850
498 1669 718901593
949 400 157691083
1249 793 709714081
1362 548 763115766
1176 774 83431529
1454 53 340238887
742 973 763649434
1320 1770 494397080
875 522 104460950
512 57 48338742
1056 32 388423776
1029 1003 570473626
82 1822 339360526
988 1465 958837692
1499 930 406386293
300 709 577252963
48 1175 812190663
1151 631 610589919
178 1595 560774394
1072 912 18857251
1864 1244 582935125
158 754 146395204
1113 755 610756735
1385 177 180802919
1201 1793 161226343
560 1407 548120210
1666 531 311265865
1147 793 68504574
1122 1019 399665711
1215 220 745224266
1398 749 4016302
452 667 685152749
1696 506 478461965
1767 1490 41056258
898 1209 94280026
1601 1222 299779524
843 1391 608158004
19 1303 601892730
372 186 371857236
198 653 34868040
633 942 983876214
934 1365 932350683
846 1009 278084737
1897 673 369885645
226 1413 114992389
1139 1220 766360298
612 1617 65172578
1055 1558 124359632
894 209 94911254
649 846 211162240
1883 1578 2364069
1259 467 768053213
948 148 257137232
1447 964 25446758
1147 269 640376123
147 175 771927889
1954 863 274780668
388 181 939577339
6 871 696198500
153 1559 290089003
1885 1422 230949822
72 94 480560728
1065 190 62977947
858 1443 552294866
599 1206 31038846
1419 1225 826394741
725 469 483293150
571 1525 826682592
1329 696 696341828
671 486 860764124
1181 1344 769363323
1036 1226 31034831
1554 420 591171313
810 225 851673772
103 1639 447212639
1133 1363 483557973
1672 531 341274007
1391 1537 114877292
111 198 979088269
78 223 581215451
1679 571 866478041
1594 1721 583802710
1789 278 607791135
1501 1321 875913724
927 679 805920554
830 1657 119010017
425 1776 911324112
1345 177 142385147
833 1968 60638907
693 1898 229542462
619 719 923620405
480 1079 396296296
390 680 753385686
1722 110 993792628
957 438 822380279
1739 1743 739986335
809 859 734684542
1181 1624 245654628
93 1637 345286150
628 1666 745545241
1679 1 936576345
889 955 880095377
611 1526 607911621
457 1900 50152468
214 10 973092694
760 806 687224846
1690 999 707362579
181 1331 694535152
139 99 674373309
964 650 637624914
823 1338 809758956
1805 113 729115720
630 1593 79885990
19 1724 895117629
1412 1557 148373312
1747 1464 171739969
1771 1283 488358726
400 1653 147622577
1458 881 826067996
519 277 960055855
921 156 915422774
1006 594 433329681
470 1362 723520155
1797 1783 372518973
1456 693 724843973
1111 1884 501214420
1353 1603 524123466
541 69 335238078
665 748 119999902
1156 1470 819625996
1088 842 185496203
1865 739 435249804
1032 1720 940270072
1351 1897 740809320
1965 987 159144782
1154 1360 698238593
1785 1617 967926083
77 61 750691530
622 1000 674146025
1051 1650 433561825
795 1688 918885629
983 922 354674978
1022 919 848404619
1791 958 459747515
1939 729 189523396
1309 51 895340764
1947 834 993853320
569 515 87032720
1098 1340 290594812
1602 68 88095893
1314 870 174361438
1524 1291 811366842
1926 445 332148047
683 110 532143814
1667 1733 845488010
813 1792 934388770
137 1777 353409039
1804 1545 276438492
1409 440 688097980
1334 837 524322869
1001 1444 688778751
1961 1958 228260766
528 298 354235033
981 432 532750497
511 1239 264316463
999 1205 723499754
693 537 901458654
1117 363 757368899
405 1361 488872070
196 1956 9526277
1975 1142 754283899
377 1391 407033254
592 1022 445787181
340 1424 747893503
1315 1893 606196091
1815 78 759200424
819 1629 314869928
123 1405 74274351
1466 972 920859073
1614 1623 764209765
1937 1969 278411345
1091 417 158227857
1899 982 138681755
673 672 357785854
1119 905 789783988
1429 1563 684905347
243 887 233548154
1494 100 127703748
652 1709 878814973
1484 422 783315837
1352 1154 876126834
1688 1104 589623523
15 813 534231016
1102 1139 90661183
722 811 242037387
1031 263 198610499
437 656 400771779
1695 149 440093332
1642 1405 716876538
1175 1018 848477930
1560 144 142833454
619 1933 882211222
78 1112 778230528
427 446 482105376
617 1739 804566633
1540 118 121608819
796 228 761218823
824 233 511238682
1028 95 338775013
1152 1524 502444185
1529 850 988907781
1531 238 572545805
1800 1786 944261820
1556 75 271362471
1426 260 774155408
331 199 601713661
1977 1081 355522940
338 1677 938061090
334 161 131515233
670 1797 853744096
176 879 473174361
1482 53 210136728
1050 1761 7906718
1367 223 903167515
278 893 471561195
1414 1160 390296723
482 1589 670235391
677 1124 455471301
1307 158 606868230
1322 952 94151996
1760 1633 597553127
333 567 212808606
428 1892 241554122
770 1140 827124533
562 1927 336825083
897 74 372453848
501 970 273631849
1389 1699 796072117
848 706 329070353
396 1391 479785180
1014 988 843448823
1096 3 599000064
1537 1541 110058862
1823 463 546069241
919 1747 513091928
194 1810 149275871
555 44 407658176
1077 1454 842344063
665 22 244109552
1619 1146 898297311
80 1624 610204172
1243 107 889178126
1508 672 443579525
634 1820 798469763
1846 582 700831476
482 953 95331791
813 829 965239925
1387 1041 97796460
1362 878 912033182
1280 1073 306149609
444 156 119960995
1436 1347 390166045
441 720 140790144
1063 1039 409379209
565 1937 705136358
1470 1952 231668104
1144 915 522279952
678 278 665532474
1067 1326 148011185
1436 344 420400658
798 1242 747528012
1876 1105 609923395
194 15 628570640
904 805 401573658
682 623 625890560
604 8 885503235
1305 1675 461862250
269 410 484461639
1479 53 837247717
116 480 247595326
723 32 283884966
1390 285 781286733
1940 1444 491763722
442 1108 248882239
1778 873 215654129
298 341 850287000
1166 290 112496445
1511 1362 192791136
62 283 497564051
1977 641 469826916
996 1633 662002858
143 1228 143658650
360 779 398636973
800 1326 181299943
256 1281 697280643
1946 1534 836861465
78 1068 453620592
1144 344 143873803
253 1397 564544775
236 1493 707101804
894 1627 729362552
1651 1667 727107710
1474 1544 804468248
394 9 950635693
1151 1667 488676292
1732 486 95082908
439 1157 706734427
600 915 78172336
1715 1117 818325235
682 44 318694899
1250 803 223922193
1519 166 645517108
853 1807 671899712
1365 655 559600879
1963 1763 809776845
1569 1350 548678106
1464 1589 299505489
1771 230 382058406
568 783 528676536
1489 1635 296737864
575 758 633869192
423 561 159484212
1739 1313 114357616
513 858 595777012
1907 1444 878851453
78 1015 647944501
1512 1736 477325169
593 64 232007766
422 261 731847343
980 236 926020912
141 513 152752234
1747 849 146036363
689 611 160034687
239 92 435055661
624 397 924758142
658 1012 60392708
528 671 613906553
1978 139 29270283
312 1776 994723558
1271 816 893822801
1810 1019 625412873
219 1352 858781259
1953 1060 944543664
1970 519 515625382
1454 803 574010085
617 1843 254205766
269 98 945467203
1853 989 903879028
1150 1968 420775563
680 1591 617281807
470 978 937635762
1825 592 562686046
1518 1562 547587889
446 140 485274013
1012 1238 121328840
156 561 946898892
1582 1799 74217711
1841 884 691712574
711 470 105863757
1039 985 939014281
25 1013 304661958
961 648 618723103
447 1038 396594601
1190 384 561271930
852 939 828693154
1752 1802 233493142
537 69 164142225
1306 1405 528537035
122 243 129142106
1947 547 806327860
1630 302 620109746
557 1276 783315461
620 29 666633058
2 1533 889259371
677 1255 900825960
1035 1247 760864257
1438 1811 666588292
1784 551 92753038
28 374 177081918
626 1835 664815655
1976 1565 782280410
1501 1172 392893657
987 89 316042772
1113 1287 781849891
1532 82 731929199
542 231 264197754
969 751 141630280
145 1078 170246087
79 1513 743439277
1649 88 710491437
594 1770 338897017
130 1625 803896593
507 351 300192674
951 568 206546482
1044 324 323158037
820 1449 832270183
1194 362 762897626
1257 1204 402575301
153 1574 438543436
1215 422 907958433
1250 1079 446796968
723 1482 410045867
99 1429 257203331
909 124 559202701
877 1734 874903692
1318 903 941968907
1375 1112 160562586
794 129 245056018
204 396 653198654
1148 288 705902386
1625 531 673485278
689 1041 476761376
914 1401 625206254
830 641 196206525
398 940 404142757
837 1633 561305414
1702 1091 694041181
1063 1200 346085027
132 588 955767105
1729 648 866310957
1912 607 881588880
42 688 540061987
1369 415 34738470
1317 1606 491003294
1900 342 610592051
1759 1262 158166482
516 314 672423142
757 1297 323655396
585 1810 330283770
1458 840 605876363
1336 370 42375491
540 1496 127284291
1896 1117 183788909
571 1160 105869290
822 216 794393443
1832 1735 299010077
1163 1791 249667897
459 1863 364836532
432 382 158543921
580 263 427459512
1549 1790 308939175
1025 1434 492642337
1471 1291 75570676
1671 1725 641330624
1367 1162 969458845
670 1390 253976944
477 815 180930018
1920 195 955430680
1613 1307 164455857
841 369 308404467
232 450 670484062
1626 505 974880625
159 1442 878651994
1050 655 790745153
136 1444 724859752
867 20 989515253
1935 397 431568578
1558 335 202017111
936 1489 849473889
406 1022 332490700
721 1392 58847159
1906 426 875664011
1285 477 703034722
188 469 877463685
673 1259 226547764
1563 176 230133167
900 1912 486394887
742 1901 958278728
1722 1259 136289706
1445 1418 394529437
241 442 906878684
467 1693 684846471
1562 693 287625117
438 470 953870407
1973 1011 882051643
57 200 703737489
1581 1947 293826370
1071 1300 528138882
1160 11 830915817
95 1453 832319476
1812 1089 30012086
1077 256 152300275
748 1508 280097059
549 898 842934436
1117 1000 356255947
1058 1007 351617012
428 1406 462461968
310 180 361069460
1881 1310 810430247
1801 1680 784013218
871 934 15475574
1738 1899 133706378
1156 1283 404045235
1726 615 455514772
1304 4 763169905
1894 1878 920296711
137 485 428379244
823 830 149234278
342 1719 325921520
1171 935 561534737
763 1461 669605183
1314 1505 868666508
1657 28 254136922
1691 1772 818137297
839 1510 506242353
160 601 67769764
51 603 569585913
1794 1356 864424216
1147 967 857592181
1399 779 128795539
548 1812 774121482
1352 775 219747487
1286 602 726582821
1953 823 8461770
447 211 856084249
470 301 569545952
441 233 478147811
168 249 899065710
1356 1878 195266605
1745 768 527599676
22 1612 352693718
925 1934 281283847
1375 1077 958731532
303 1687 876871311
1699 1263 348489960
1621 1147 875711184
1908 1037 593254903
290 1701 258648804
513 752 871768782
1856 454 633407474
259 1654 616237923
369 244 586002037
1256 1300 463008497
1064 960 425621233
931 583 201419309
935 13 100283319
845 1463 211796191
1753 1678 175530906
241 1386 605287402
1022 384 186635706
1977 384 55060604
865 915 336908646
825 366 959260756
227 1002 398566575
510 815 435440537
1862 1459 282479540
498 86 164450565
210 1646 627840339
584 983 402554303
1152 143 42055706
416 856 103583482
1971 1697 801142664
1525 1781 755385163
1034 1228 559886372
554 1549 428958712
1050 1952 453733957
1168 1142 530697488
1296 681 197688809
1627 1654 386376001
1442 94 757838749
880 344 642335969
558 1809 341183678
1589 252 272874014
1033 715 703136395
1697 330 960720925
82 1102 609688738
318 1530 474491926
1245 616 863625592
1577 625 302334632
840 637 61570566
1092 748 123937002
1778 1803 7308208
1085 554 128001046
348 70 302663592
661 44 536570085
544 32 205766591
1279 1700 335343022
1796 794 675392670
1568 453 802186072
1685 158 872312128
183 1653 134141144
951 21 220566077
1753 728 578660065
1095 301 129173581
487 527 632135396
1757 1966 146897781
811 386 493645087
1352 53 172427124
1777 1208 741046023
1079 31 101569089
777 1092 481144339
1394 471 462533849
513 1951 33444562
88 1773 796055849
1401 1317 466817503
1574 177 619861996
551 1244 631116020
1595 928 727791611
1524 1603 828986617
683 553 227815723
1212 953 204656825
638 417 131304942
400 139 940907869
796 219 12758238
495 1362 375909207
346 1202 716641019
969 1323 129046723
1622 733 631388210
1919 621 767781400
294 1666 447043173
286 1418 748642758
1129 306 146456016
176 1095 485446659
1076 735 919065913
1458 1736 672686680
1438 65 873652474
422 687 68856268
925 868 292770591
83 1685 399454776
1236 1936 733650703
1843 804 591933948
1457 731 719422012
389 1764 432751935
1726 362 56634904
1479 1580 769608963
1239 1780 273454647
368 1689 289103748
1166 1857 609819436
999 991 332899182
528 1184 231927298
1963 1115 801302275
473 1904 210673708
1297 1316 137443208
1838 551 736748327
742 547 955244149
1646 1170 760168171
1429 1683 761926536
1527 1647 771015687
656 1622 784648296
250 290 152743646
768 1489 712977436
1567 1209 477728831
254 1316 715278389
1626 316 943221798
804 927 62160143
652 1388 508455405
1604 424 216894339
1836 1067 903952013
1210 1395 309725584
1113 1799 285936549
1051 618 415385438
1116 662 577714338
1148 660 469346276
373 218 542093958
1778 1934 969456850
593 1939 192596234
423 1008 751017679
762 309 144086911
1307 277 30995129
1141 1311 774246443
1419 1436 237573608
1181 1059 199609685
884 465 953487657
1116 1942 345664437
737 1832 6358014
1824 1703 115784053
1507 972 503647228
168 1207 382454222
1022 220 488314315
62 250 641349536
1481 1529 945077950
1613 1835 622432755
1090 75 448549413
701 378 99921832
420 1203 291746861
1266 1641 399630639
1896 118 551950443
666 1039 862008753
1373 264 228203289
1409 1956 827635677
1287 1397 311498719
478 1520 888173444
534 1566 75274827
1669 1114 27436704
227 927 375765897
438 847 239414228
1304 1566 5485661
505 455 86643795
1743 963 7685478
1402 389 601366484
1086 280 903695470
1665 726 716490359
1677 1902 325990134
1078 1042 467948498
1338 6 472529516
1620 419 441005956
1460 21 213213170
307 1308 148851213
1193 93 164097299
750 1174 950229443
854 614 730773526
1530 123 479822073
1399 1860 988456195
1605 1552 221758397
569 1129 834388619
949 814 574121931
1945 347 459228107
440 681 333633513
1311 1213 5159512
1268 268 520964743
1579 1585 909880011
1239 337 187937723
197 1424 650876348
1174 476 876387905
1801 1196 95976344
1272 574 215564145
976 231 806239356
1011 830 402887705
969 203 52416805
908 1639 440732656
963 1514 415779787
214 184 319928204
103 1922 501299181
1134 1005 651367992
1857 1617 474828099
210 1634 128543569
1914 1096 690096535
1311 1025 63895062
1877 872 981589539
1165 1826 306061228
42 194 684255216
1714 1083 567170194
1663 589 693271807
898 934 257699266
1402 72 409665805
217 290 175318463
605 1480 662514497
1579 388 183055111
1965 1683 509756537
478 458 428672982
391 331 375476347
380 299 84593963
1006 1560 511829459
340 1264 50259866
1419 1249 737478136
1506 1213 987354264
1160 879 243119172
37 1795 344792196
723 1712 992026330
992 1164 763247825
1591 1655 564672964
1052 925 182142490
1384 611 41307891
1537 1402 895047095
1378 1930 557315198
1076 342 630413357
1601 388 791443567
1662 495 173334278
1346 757 254621647
384 774 640962740
1106 92 748334429
1773 1389 805330555
1212 1953 715475963
882 1012 260753815
1847 1841 300006053
1856 491 114660799
1789 142 967174186
529 88 389102856
951 1321 588081523
565 937 543971009
821 418 188204338
772 1287 221250292
215 1478 238282822
1042 1672 696653705
1249 1817 200798697
843 1159 192046257
176 775 588924697
1696 1013 328686622
300 405 34817136
1734 426 580220434
563 1667 678346432
997 477 940571123
635 1403 241190307
783 1756 513107983
853 1909 656698765
16 617 324728775
1846 1475 428022179
792 1321 499693028
1880 106 22688441
1184 789 528327995
743 1830 636935825
1741 269 752258279
1834 500 442077997
1321 1262 998106405
1293 1557 318204392
1641 1814 364294447
591 1679 848566189
1013 1780 178975465
1672 1484 104029223
1085 952 940313338
775 1630 918411997
243 24 789467705
430 1297 911908993
328 1969 455615688
524 1939 987293823
1911 933 633056612
641 228 763412474
1089 772 154846049
493 87 682188034
1544 186 295357927
144 516 829497842
1253 1150 868027682
195 1157 607866859
115 747 574821401
569 1968 658301034
1846 1871 210247891
1838 658 935586042
634 256 2464134
1738 310 804314816
58 1830 223836757
825 1915 794551268
1858 971 838706969
623 1318 284872437
346 1234 963100579
1666 471 163657850
1448 1236 607566936
705 1964 992749105
1538 101 836441619
1107 1488 448967882
664 1890 361026137
1636 67 902208585
1571 1598 707440276
1770 1783 686319036
679 775 381214277
1927 703 498075781
1816 429 965647555
802 448 525798367
1185 196 294691462
846 9 968914300
1798 551 250442044
445 1148 176934742
1231 1476 74437011
1009 1309 564475326
973 1014 30909442
1315 1245 346415171
1188 1403 646888834
1452 1385 286380206
1279 46 64452049
468 1405 747266854
1543 1392 404844435
425 353 175677129
1345 114 666186666
185 1395 149744618
1811 1797 523149206
1773 1090 497004471
1614 40 219992496
937 104 896065074
1895 989 789192201
1025 1108 294643837
1529 392 493276657
1872 638 416913
1873 664 160264948
1954 337 25402859
1368 1877 619412888
157 248 586937764
880 110 278618031
486 629 368312883
903 549 147814811
557 1452 269986945
317 1139 73002146
1879 1337 83650280
1768 1317 461482483
508 529 473321404
231 380 254697568
1914 412 732626216
606 1590 259849460
51 1396 622047148
1362 1062 810950725
1038 52 870833025
1696 1126 377216657
359 305 771732648
30 406 694708009
1260 380 956742274
1057 753 5948290
1235 1383 288652513
1937 1268 844855045
1615 671 955507579
858 982 474632713
648 1281 110630391
1733 205 733692251
49 559 958115832
1260 1113 426097744
1344 593 297307412
1865 1356 138833312
887 1875 979280271
284 59 276074091
1019 1921 428566310
1624 1452 633310043
1558 211 964466278
334 1102 881793406
47 822 543126446
1147 1100 879992920
1230 1548 124788376
45 225 650114447
1016 23 543294193
4 407 61476399
441 194 89723855
1631 22 274550156
1618 1249 933043068
1775 1726 140240680
1777 1635 814566581
794 877 577329991
108 831 326439417
1414 1220 976278806
1698 199 688545273
1315 1429 849755986
1881 1387 737470870
194 898 412591815
296 369 144587242
1099 278 291972629
1234 33 16260116
1797 737 153065338
1133 709 331942510
1319 935 801848792
231 1592 496067266
791 1068 388289815
1427 158 24238983
1422 1760 993963088
1539 1424 544078381
597 226 477548060
1368 1023 345451066
1572 383 769876390
1823 1746 787301044
698 329 467486754
644 114 240703105
556 426 204339398
1567 418 679517892
622 880 551906125
169 1645 747231700
1437 502 996947813
94 665 565161898
1876 1448 645397008
1545 1916 420108762
92 227 731480047
1310 1656 717734137
105 30 739039516
657 662 816919197
351 999 181345110
1897 1270 757706899
1353 1008 63021006
1322 1586 476102911
1972 170 469833120
1713 1399 408167229
154 631 724556768
49 1065 856737103
648 217 450214333
831 1935 354268647
676 1123 709460467
79 788 453154075
1400 202 158924463
1144 364 303307828
160 1137 867255308
531 635 400424176
1671 1405 382561108
490 925 134752208
1906 1113 91403616
1858 1752 817908948
1853 604 986882491
1644 1780 282271156
1110 1508 107542863
1132 1739 665759486
1497 1615 815402472
605 335 201410084
736 176 664720658
627 1417 609053973
1074 1856 742153235
1896 1178 941671274
1654 626 845110516
1954 1417 604142327
78 840 35474810
1128 1154 428314039
1383 451 409074122
581 1005 738474256
426 716 914006521
784 473 957433608
901 1906 468376352
1465 1684 898761926
1173 1244 923546855
626 466 687034350
1257 1302 723024344
776 1293 941361989
864 1234 819058470
1132 353 953696398
635 1841 145590139
369 1177 342350172
1464 404 681032927
954 1749 874415479
453 282 277083295
1844 945 436500163
1702 26 584694787
954 1083 467656784
1759 464 594002712
967 989 703948001
1528 509 863817865
886 1860 172292239
786 923 70106583
61 1354 606487269
1112 1411 783865977
1660 454 383017497
663 1832 934834495
165 1244 630122404
652 90 430181156
1659 498 316778721
666 1262 995162013
1304 1622 891039497
507 1212 70116381
1067 851 283519250
1374 712 847818269
1782 1680 402131175
1542 643 980828705
757 1346 650103395
854 1867 474133059
1169 1903 856502004
1079 134 894578624
613 1487 182678483
1270 1086 686013963
986 1593 865902599
948 1536 250715540
132 441 207453194
668 1892 924263174
899 1184 244707919
1824 30 523420065
384 16 985698789
1893 580 462852977
1293 9 529821141
1124 265 609485621
1103 409 409321179
1764 1182 809963376
541 591 76029957
691 1411 364008716
566 1357 681719475
622 626 177035098
1750 76 54532191
841 511 950207739
1555 1202 869491362
1885 1696 73546340
226 988 930358870
329 689 275841051
1187 423 24494367
1709 1499 311517001
1941 432 254244012
1352 749 672768580
1430 29 260033419
1673 1620 932764442
534 851 130497423
1955 445 169077718
310 1845 829205556
1814 1909 863755214
1576 1647 937741945
1055 1334 670941307
155 528 814855811
1146 173 385026434
171 662 8860861
427 404 770901862
1702 1800 921116293
513 299 200667313
1202 762 339585058
186 1078 28001998
529 1790 836764714
26 619 23099470
357 238 205919569
1659 1494 35871596
1248 1425 210966401
1924 215 45051506
330 1475 704735849
935 945 307625453
1392 893 325366196
1042 1173 426644504
586 1380 402139238
110 1258 421654149
440 1254 410077258
1829 504 278353821
245 1067 546921839
1756 1364 514520540
715 443 417279245
1675 1601 823436651
754 490 147508286
821 1456 196366670
521 351 151654483
1345 1933 76163882
664 1249 65526064
529 382 281447629
800 289 616535034
1809 1935 464871924
1768 1829 599610360
849 1545 679388128
636 1627 987078240
325 1418 653951561
1861 1214 145519332
649 1371 580889911
1355 1312 645984099
1528 763 841099756
891 356 801764476
480 846 304317851
57 1631 91783844
1921 1540 528236299
1865 801 776497433
790 333 472470283
1927 1344 462414857
1149 329 452944676
1886 147 228476204
600 1959 265044473
1137 58 667314678
1827 758 974859515
312 1803 282141854
435 768 841181092
847 1230 640463950
105 542 874784267
603 1007 54080160
662 1128 391068080
111 1323 789754740
312 843 663675675
1430 6 590687151
1222 1083 359910546
1015 477 288097039
1616 1250 24982270
1818 350 582585173
992 498 819420364
426 1885 61769227
1140 1505 316563805
1669 270 611926462
396 1824 920819512
1045 1653 985284035
721 1856 192600476
1753 1386 329239969
57 1471 100224095
1286 1430 969677203
909 1389 837659094
602 303 898858883
1828 38 604690890
208 1848 956373560
1554 1134 841384548
269 629 71915598
58 59 283853829
780 1504 147548732
87 1930 497696224
462 1371 107954687
9 585 595149100
53 82 418351150
73 1741 844575593
903 1086 926192153
1850 858 9174594
1126 129 331486889
277 607 913796819
999 1461 939218245
1332 114 354480339
307 744 598396965
1552 250 549536116
1853 546 922980232
332 680 404389919
1707 1943 595423509
457 751 429316271
1404 1403 69961349
1666 264 195445564
177 631 522588253
1305 489 465999393
1677 106 975733248
161 515 401982840
57 344 62820020
1263 1457 932003216
1504 359 487391190
772 1974 256295705
838 1429 857945304
1712 868 366762263
1958 716 584203424
678 1808 71967105
695 1850 305839960
643 1142 695565783
1423 1288 367513450
77 505 418019693
402 1753 546268759
732 1792 769373304
1706 1255 592711328
546 148 918780719
209 1809 247069141
232 537 546941136
1117 532 666785168
904 645 855762068
761 1652 236250263
1521 1199 395647633
1300 1080 494199421
576 174 429393227
779 1155 573731249
63 61 846319990
864 123 428353549
374 96 381735974
1584 1813 880478327
1720 996 556880528
1389 1027 631528938
1820 555 76671120
1791 798 964330569
86 512 217837737
1687 496 725547145
1246 1164 960475370
861 1891 209887675
501 1378 653920069
1458 25 408645744
1138 171 810435995
883 1794 585097485
1221 1342 250626067
1956 1613 798242197
1353 516 591291363
289 1354 460276992
1911 1368 895804398
849 321 695289137
484 830 855107863
1796 609 55078150
587 530 973719558
637 1134 584141908
1604 502 743319409
1965 1316 508444218
233 639 485123362
1410 1855 672936559
394 1780 54765410
954 145 546921199
1688 935 111620991
378 45 341004012
791 1766 315624383
1336 180 655579353
1618 1925 260757508
728 18 756380949
619 1790 150499389
1820 1243 891172513
1779 1159 162963563
789 1308 959170518
410 1208 58226404
1062 573 410301328
1494 937 900924418
273 870 174662797
1385 1010 440495068
1901 650 797473626
1244 612 838958345
1048 1242 550783273
687 1752 140730853
969 384 865494564
1739 1686 351976623
1086 976 780691474
578 839 506036960
74 1045 285926110
935 1213 769011355
1000 439 6045921
1938 1174 817902652
132 865 671239796
1858 1292 7157537
103 67 417701504
1177 1586 588667879
621 64 97195373
1138 1514 761223167
1868 1234 369769421
84 1568 796702831
1667 1879 322079127
800 626 966544299
762 245 689060676
1260 1082 171271972
1904 365 669819140
1614 775 559183938
862 992 459058798
960 353 72685341
1945 1463 534604909
1213 685 521957788
1799 1311 459252998
299 181 62471515
362 1288 447863122
1537 1893 265533352
1196 1540 817318654
1692 1704 641900560
1874 497 226558982
1413 1124 326464340
607 1117 915082959
454 1646 616371546
1796 1369 554093534
716 909 492470584
309 991 240750380
215 566 386499071
1345 543 439306873
368 1349 300023920
890 313 85525997
489 1185 889590334
666 906 719015259
1234 316 450978048
316 637 575840456
246 1966 84734529
199 1289 273295433
1647 813 822240848
69 80 151361313
422 1252 518686896
1263 885 490145849
111 1108 877899358
488 886 658450200
347 1361 613302123
895 1538 749587672
1486 779 302083160
672 1215 82007422
605 33 935255305
391 901 977846272
37 914 840907683
1415 139 947993869
959 1591 757359327
1063 1115 166880007
1182 1017 660588402
566 789 474431893
1300 965 87201037
1603 191 867372706
1299 1826 663274123
1206 1393 177455419
1051 1285 192365629
1498 1101 786908646
564 708 855693144
1555 1720 698229561
1452 1088 931329994
148 1969 48789030
1716 1359 100453089
1642 333 606426879
27 1732 157150007
88 1101 817521184
1051 1070 323290468
855 505 995523612
1774 1284 599367346
345 431 710065148
999 798 799065927
1818 294 570899276
23 900 724597518
245 1761 5561637
1666 1905 477642987
793 946 571696060
346 56 795057157
1584 1430 621516981
309 742 990886347
1142 1328 388817735
685 587 195548941
530 365 542575213
1307 1585 437104782
1701 1226 379459927
844 1807 279059934
1256 1852 702949902
1563 738 962619972
1545 1174 953767160
74 76 256203918
1964 1045 140737619
1452 1847 303385609
774 367 807854737
1311 474 564875463
99 1214 872116635
205 76 301561606
1699 1466 277929927
1345 850 414423325
1386 1440 182029506
1 1860 152018008
572 469 592943049
571 1550 671744404
797 1093 670289850
795 766 482564101
807 1300 288314961
308 1318 371770717
85 966 961907526
69 1234 447168521
796 1332 865909459
1422 343 990557936
1303 1302 331939204
375 1727 436047108
308 994 342059288
1132 398 630325650
212 864 526105230
1735 906 128281347
1187 1667 318535682
1404 1245 630380174
702 1590 593142165
1139 1060 807237396
1691 395 170318795
752 383 116902771
50 11 636657620
1518 872 961567325
1435 1620 53985586
1978 1063 479600754
237 521 891128709
545 851 358380848
1902 1904 72277987
1382 475 159383711
1788 1053 933799328
551 634 20106141
1079 732 477957640
1278 1109 261070529
1690 537 779437582
1335 1560 302470862
1675 262 812006934
729 1805 627720419
787 389 731586030
42 1322 659773565
921 986 190825092
1722 271 107310087
531 1155 133608707
219 128 379897054
650 1880 549862919
959 563 589023088
1785 452 760398022
1913 600 402584495
495 1281 601740139
1278 1958 129547589
1234 262 301434721
929 1750 145505529
91 1066 373091645
1821 326 975481459
567 1236 200974946
1399 1619 185657371
1755 1653 263294590
1184 1389 271786193
1928 119 336363454
1525 160 380160325
284 1301 607979124
1772 1233 925288302
562 1958 662617709
977 1471 941313198
726 1293 122271374
1264 546 881287433
174 336 48345266
323 1896 22070378
1821 1842 844034031
323 1034 102948781
677 1854 930168007
1146 1652 616726160
1794 1079 547747225
965 570 717017933
1235 1375 152955116
806 57 431512310
1745 1623 96450319
960 811 210136707
890 911 51442266
14 1605 38371252
660 981 147470181
885 1899 890928756
1847 579 455567351
1054 1262 224774977
426 551 113619337
79 304 382076122
767 628 423317226
50 1978 88288035
637 299 301394706
166 1891 780724078
1893 1652 307754854
274 1587 490426447
891 827 989144448
1227 653 847232184
432 1954 456511398
1308 21 973959412
1315 36 177463708
345 731 184829033
341 1792 356912176
1032 1110 12930437
1608 705 907236463
1623 943 553510145
1582 659 712776389
859 1808 41357628
1477 1302 282712954
86 376 334987574
1318 630 301920525
1762 881 323518363
1268 154 240925059
146 1298 253541453
253 1667 705927982
1551 505 32426448
53 1799 275175463
879 1551 705855039
1088 1958 480590360
356 716 27230603
686 1665 470290751
422 1887 905332302
654 223 63368503
1532 892 163223502
1948 1955 457892621
1282 1064 533617844
131 192 915007187
1179 1666 165811352
948 1410 378900544
1661 589 951280311
1069 1891 540253840
1770 1764 122459154
908 1761 543458277
390 903 795926073
354 1915 198534288
591 702 3736501
907 472 784454025
1976 1625 455975809
1550 867 343102334
1696 1551 703345818
1633 622 160138896
1002 361 280669162
129 971 531225673
1479 913 406481463
1812 1219 879323349
112 783 118007695
1346 122 310053931
1026 1411 921480169
1863 461 823142330
662 1314 89518025
1370 1383 293733254
1006 1271 324342847
1461 1243 308539963
260 1141 320168201
1846 1597 374592968
131 1049 496001109
1965 1082 932412456
665 1862 680332756
557 1083 759478950
23 544 45436983
1591 1703 720874351
1471 295 972750281
735 560 213505483
656 1892 531897627
1014 1491 796362903
1963 977 546449792
1550 159 165946766
1645 1921 46977016
1502 1138 418929646
1955 810 113193624
1542 607 409690721
1766 382 689969255
1276 1792 699207862
942 1432 565264557
99 843 824964126
852 1439 946324619
1482 1852 520529377
1155 242 31975873
1088 1720 720039611
774 56 628216815
1873 1086 831875012
413 1314 608701974
691 563 581167458
1602 108 125379073
1933 454 323268692
1517 21 392634178
709 1522 157749798
591 189 910127240
1017 872 396282833
908 1747 402490953
865 1030 349811188
1917 467 809575616
685 1165 723500429
1310 1972 503929109
163 1463 376623109
146 581 345571264
1841 1925 255164695
458 1645 38078961
1651 1852 2281549
1215 661 631253594
1783 791 989953932
1746 450 250541773
1213 1487 225786192
215 679 81786839
1079 1563 474127827
1338 154 927572493
1893 805 461641834
845 858 714167232
1746 1014 585370756
1169 449 556067191
1725 1175 378400492
1334 387 151841888
1750 384 214582713
1460 1660 76651888
11 1587 354465912
953 524 991249258
20 453 192812904
328 1552 250376224
778 1539 300647713
763 1631 426135126
1757 909 454231642
1962 487 60938911
1314 1971 230234963
525 1452 823103475
604 1595 325704758
1585 696 959091221
1557 255 40516509
1633 1036 677208568
445 818 512458893
555 852 961752249
701 409 740563485
1243 1014 361962478
1436 1015 273190094
1334 1773 503328474
1310 177 780770491
1759 285 656615761
684 151 661878357
80 311 525186649
960 1575 108808196
1679 286 666459851
1528 103 131029008
718 1789 85246931
1092 1967 887188574
147 1773 744622443
804 310 74659852
1357 730 875286291
1938 395 335211959
498 727 12080914
1330 302 390270094
938 1423 554343177
1437 313 18603484
1630 1421 498507458
1350 86 359242048
1420 1661 906385214
1152 1854 826964913
323 957 217113756
169 996 848845166
1367 38 461586153
1978 1139 610867803
555 250 854744990
1355 1163 982588788
225 1559 590006741
388 1918 990961952
594 397 331506911
478 1266 528606392
364 502 724423649
1972 978 586041192
48 1800 336528604
1585 1495 935604024
385 96 867165113
1691 1425 956319930
141 1255 128371918
1357 1413 486525441
1367 50 239814794
1392 921 764294273
688 651 985951046
1279 397 674449831
534 20 8142113
1650 1312 736530803
220 301 140957719
1797 590 239320846
734 1426 919268831
588 916 542757410
33 1429 639332408
875 1395 435153900
700 144 339260406
37 126 681720970
1290 1774 409193158
1033 328 21328963
1172 842 363881789
1935 462 234153973
1419 1142 891036703
1036 510 747189908
1170 112 603057522
529 687 862550409
1003 280 993887941
1166 1274 893410555
225 1843 749787523
727 1913 412926033
626 745 388133732
1258 121 631239521
1054 123 585195972
1660 1329 617756001
1250 1034 897741947
581 220 592895000
1089 1951 60900689
1816 503 214396708
588 771 334886560
102 1235 271161016
1665 61 225624565
184 553 903308657
1561 571 169417142
165 1550 765471522
664 385 61405906
1490 1355 290582023
1608 202 348723083
217 732 253439725
1682 1099 661266217
251 1035 817266370
1762 1378 488121258
796 1649 817662716
1930 1803 922084318
1475 1775 724412569
797 672 477777198
262 1632 143309071
1597 1428 547687654
611 542 875915089
1761 1139 658258739
1937 1191 497019874
1392 673 310114039
1815 121 448539568
1479 1222 342116680
1679 1930 569706042
1388 1136 186756394
1211 909 753965108
377 1560 109059546
1172 1807 661973992
1183 414 431189364
1085 1006 144306150
1907 1397 110807651
667 432 681799170
1450 1579 100591336
305 905 783399003
860 1414 60554984
873 1856 229793177
1657 1638 192759366
1695 12 984805511
590 884 308839843
1750 1172 760039198
1212 1254 437961819
612 1767 773431689
763 147 473189918
1780 1611 700223710
260 359 452413383
463 1744 554436678
467 249 449477747
190 452 822010774
1267 1560 222274724
1827 139 810238320
1268 952 210218312
949 684 15155135
1349 1359 762262597
782 908 838447767
1314 1025 562057667
105 1670 689544340
242 650 191949058
1905 1296 344416486
23 496 341162773
379 1887 128139264
1394 1958 879491906
798 1812 533957785
1208 576 770247097
1437 45 546817367
1605 1932 692758213
1558 1673 211981431
1479 332 467828727
29 1758 975763663
180 458 770557497
910 1434 370703573
1577 248 258863420
954 897 406857606
192 1402 783952104
453 883 311139922
649 1133 385800046
1385 305 478901600
952 795 874772035
1277 1364 879924316
741 358 704640006
1829 1178 654289545
1796 1053 264574438
1520 504 690825797
109 1311 971362843
1052 39 635270182
1573 1097 312311141
1173 150 459726324
1369 1841 705829348
1224 1738 774827369
1474 1858 208944989
1343 1777 659044311
443 431 134923055
378 506 596001016
1138 1093 441663623
1335 553 22884925
1915 582 425286722
214 469 172254973
1763 841 851200533
1014 1589 717347805
838 1778 193785285
1046 1 278385137
1972 1424 736629616
546 982 368348223
75 1108 139490793
1721 268 178454467
695 626 439645121
1895 1692 480726892
150 518 521003968
457 1259 234242426
1858 1320 26348834
1039 1403 881318016
1195 1799 383654646
1622 573 697223408
1312 1394 128779629
1486 1413 822343577
140 1415 837845406
1820 755 268152877
1477 61 99518193
992 1545 16194340
354 1049 984293083
59 1719 956208353
1249 414 177849364
992 1337 836509296
1788 1682 935267194
498 873 730348534
651 791 91976182
1606 1780 965352806
38 965 724813635
427 666 66731424
416 1803 226798400
974 1381 590774581
1958 1241 712215077
1424 47 58454026
979 1333 471258039
636 1518 698156575
1291 1587 181771990
852 1763 38996254
1311 1765 158089101
1243 806 175235072
1736 1143 645358878
71 1482 274858683
1864 1621 724000465
1136 1555 599183561
1114 1460 345193838
1603 804 623579005
1547 1325 680236872
1708 1065 591928070
1557 1708 991601263
1931 1884 915311091
1570 83 38212771
362 428 864427530
697 55 280901443
690 1749 663649297
1869 1784 561332512
1053 588 937239724
865 170 600670721
1951 1718 873933218
539 1308 139374947
1458 399 262774087
1684 1324 498294449
810 536 793277467
26 1421 8312279
1776 1467 959748157
52 423 31602493
1299 558 450896145
326 739 72087368
410 906 986471000
1218 428 294278822
855 430 780076038
1378 97 162275262
1360 385 721864911
1009 172 236350284
1617 1848 861461678
1678 1755 621981912
494 961 99496382
1032 1054 77075457
1053 1507 228697699
869 1667 454494258
885 1729 335871337
595 638 195477101
352 801 282667429
795 1254 999891454
1421 326 764143928
804 1854 823631139
1078 1379 284670135
1193 1083 233262235
664 2 41003988
1649 251 873745929
232 580 148370638
1534 1911 13498452
425 1366 170776487
53 1959 225769011
1570 1129 114180467
1365 525 735327390
739 483 888395078
785 1091 892735336
142 1904 501318759
443 1170 301407704
753 721 202697567
639 1782 702830848
1873 1125 652073898
576 1501 939548325
56 1470 333377230
218 886 306331189
364 1584 537007348
1020 1907 551033226
324 246 132462227
979 1712 309655988
1312 1126 547019151
663 46 209954928
367 311 170200062
1673 692 202565950
237 825 108408232
261 262 920051106
1824 1860 554600699
560 1345 556634840
1783 766 944095203
200 126 109885132
293 1095 609155782
5 1842 663705192
1157 746 673621333
1135 1753 869748201
604 1839 181760293
1636 848 241869569
1488 1163 210905563
943 1285 860422260
1115 1275 285861609
1130 1132 793080423
1823 693 984825949
785 908 402740284
734 494 429277351
1839 1109 658181835
115 57 714359357
406 1091 147256699
1390 789 140307283
1908 423 71304671
1206 1846 520136627
174 193 606388053
782 709 607266703
14 159 801097423
636 173 501555572
598 729 87886244
161 1061 599968097
1412 1160 256076350
1415 658 72624886
523 1584 360424551
293 873 524165869
1629 31 694840560
16 675 892621862
870 632 383740101
722 364 113266779
1763 1374 100201818
1949 1243 990694825
658 1338 415525871
1543 151 288208503
1624 371 146030086
359 1811 713644173
736 1580 677597829
1780 1589 179342362
471 1293 806100178
1197 1844 206613286
184 264 627662973
1638 726 155661119
970 1819 176780525
223 659 200771946
383 860 543139431
1541 1727 221130057
1257 141 118204449
23 138 578621013
1838 80 706505653
1120 1971 177469519
1860 1644 557796172
522 1868 614079776
1161 680 965724901
591 699 928521683
584 805 440161076
81 107 122310808
95 34 854189363
246 14 380143376
880 1574 222364265
615 1015 662963439
934 860 576472109
1936 203 534931143
68 1711 918270633
1937 240 26844641
1809 113 316810617
143 246 245918255
1096 621 989740907
733 1079 70573935
1065 54 500123912
856 1128 625180953
1123 354 551674924
1088 1306 254339128
1899 213 282694599
554 1546 393512502
1969 886 854707046
1189 782 584818449
185 434 440349528
1749 724 694573614
1874 1938 794319645
1825 1947 297333271
815 1385 480298073
127 1174 977365791
801 197 694420864
1621 1383 97300191
1450 174 236396744
1960 1599 335269051
1358 1897 906148632
860 694 512164739
1281 1441 835243748
777 739 223259256
116 824 61576863
1713 904 107231720
1975 635 342058786
619 394 126728613
1612 1764 545341446
686 1112 559847032
1252 1262 97552948
1186 151 790014522
875 83 294773112
1440 654 697969133
539 1489 862412394
1735 1481 833038164
327 535 905005986
1474 1746 155509384
1875 864 557156676
