2
990 942
557 255 28769
886 862 1766
693 533 74288
310 445 90101
793 744 65200
351 182 36701
175 645 62048
953 505 40373
747 155 91696
136 41 89124
435 355 13506
463 444 22256
24 53 17845
359 14 13683
610 232 27393
140 519 69159
449 470 14048
478 529 64255
850 974 12134
858 544 15950
113 813 79448
127 396 93626
295 723 36050
371 343 63792
686 643 93667
393 267 26031
963 51 49084
464 307 29621
957 593 93398
837 306 75948
819 4 51779
270 956 76595
354 815 66641
899 285 47207
262 162 44630
690 736 55322
457 489 89784
322 243 69664
65 412 84005
594 222 57554
880 504 7802
796 504 98494
247 913 38083
110 822 19702
217 195 53803
574 248 33498
351 229 34068
19 821 54655
584 921 71492
450 170 15006
765 133 2668
935 358 45698
961 521 27237
854 560 52524
924 553 68954
291 196 16772
847 384 58771
412 897 50218
570 754 98680
673 379 68626
784 871 90649
981 502 75122
747 952 74572
70 370 48938
47 487 44171
204 433 73190
834 52 38694
356 541 31221
163 122 68876
806 301 31912
509 366 44233
582 737 87158
339 907 83614
902 505 66056
322 379 15277
329 919 97098
951 516 3746
487 676 9390
958 483 66759
475 230 144
534 908 18920
103 185 12485
49 567 62189
662 44 77766
86 212 65089
411 941 46326
637 680 26618
472 26 34771
932 726 60003
832 89 95252
180 630 12445
284 744 67096
561 242 28231
93 28 12887
234 962 54621
591 679 187
190 872 71829
709 776 6241
419 688 74814
159 987 59453
128 750 65992
173 698 50009
174 526 30317
811 132 76363
502 154 24185
742 749 73996
334 142 66398
883 507 82909
734 177 58059
10 795 35283
737 420 52285
342 220 1256
914 209 43225
800 906 5390
746 767 22690
527 295 46921
532 116 50537
602 367 98793
75 523 4339
683 415 93307
116 31 61264
198 86 50378
56 184 13652
208 188 41314
259 44 24991
109 196 76767
541 956 58638
874 372 61549
208 298 23543
961 207 79384
107 791 81927
331 609 27599
661 172 6324
852 587 61207
562 127 6067
215 598 25021
628 81 36015
294 219 96803
807 50 49377
251 616 21492
761 695 71507
937 394 24821
953 925 84881
243 730 76456
926 403 51612
553 406 89310
203 538 71853
691 689 15328
745 599 50976
18 236 19500
274 620 96600
494 966 64471
724 342 86802
878 314 6373
576 856 66010
989 396 4075
413 677 24083
649 685 48833
500 524 42826
263 444 31441
668 71 20453
288 407 89708
674 297 97700
63 418 30512
100 363 28371
18 970 25326
315 399 68281
84 879 15328
596 686 18080
178 213 50815
723 74 31317
772 630 85103
423 96 22126
916 670 20406
390 395 1780
721 330 30164
930 73 98568
194 67 21720
510 873 19838
944 289 58514
2 600 54521
738 682 15529
385 696 92381
818 986 46960
171 466 72011
672 105 3787
316 10 27559
221 68 57864
285 188 86433
972 360 21724
475 539 80500
148 955 60692
167 209 26268
933 567 94006
884 277 47801
308 869 55586
608 2 36420
777 347 25592
496 211 17513
140 518 23906
634 458 19601
492 89 96176
473 115 71962
154 604 49778
732 831 82573
986 416 68746
563 912 13514
677 262 25194
297 377 8212
150 239 44002
355 392 72902
33 687 72564
513 326 67602
508 178 18595
90 337 82568
887 592 8071
344 656 32546
806 471 37768
766 654 26014
959 876 58849
775 240 37673
398 215 86160
947 479 61286
381 256 70439
169 983 73267
566 664 31588
367 731 84845
323 595 71298
469 901 15094
421 320 16885
791 868 51679
792 113 6290
382 276 48123
100 266 58507
293 554 97706
721 364 75111
940 433 77244
397 547 47377
970 517 48364
233 644 51177
368 99 15557
37 486 97104
187 595 65214
668 983 94374
70 536 25971
289 183 34801
198 926 11675
851 304 13555
94 120 53662
571 612 56014
910 292 64370
350 565 44547
452 560 69505
921 942 94556
515 979 65329
11 375 52828
762 846 43097
427 845 27550
106 202 44622
399 708 41386
389 38 62682
58 751 73908
181 238 77206
340 495 38516
967 483 2729
647 653 73246
8 160 52046
805 149 16243
392 623 64053
235 493 67319
319 592 2323
588 15 5083
231 870 25263
411 897 99494
39 520 96816
5 214 79219
716 300 93551
16 555 30457
640 629 75718
477 101 13643
725 828 17235
311 445 51180
64 361 93940
131 47 98124
348 739 36549
135 718 44908
794 680 37998
52 244 18974
844 882 59488
891 467 33005
641 756 7760
977 501 67256
543 867 43105
200 315 70488
264 714 74150
50 934 98802
698 448 63329
919 591 41857
909 17 19717
141 952 20491
586 984 11095
461 579 53682
181 303 94966
622 529 9631
757 405 25307
170 722 96338
275 704 13651
695 675 61993
865 467 63935
964 193 36088
728 619 24537
58 613 30095
83 597 90206
525 414 55978
954 476 80385
603 278 44564
582 559 62166
275 950 47683
407 247 90898
947 540 64696
486 599 19872
804 928 12086
387 828 54933
605 85 56272
787 712 96613
389 23 99361
292 356 51223
772 575 7242
349 808 21785
664 400 94642
114 97 73232
842 590 36630
657 74 26472
525 42 947
8 733 77838
474 90 78673
586 339 83671
632 425 7378
304 34 99824
79 341 83730
975 547 33053
810 666 11248
129 183 71326
81 659 77059
581 611 84657
798 63 47485
609 770 84743
655 22 80840
979 147 49376
76 435 66162
626 568 99702
258 278 79108
922 821 2263
353 257 63011
762 117 52406
796 904 8918
225 12 35911
603 388 64350
795 11 78885
191 667 30853
978 180 30527
277 380 8353
224 9 17178
48 146 54484
589 570 9751
347 594 20620
635 164 76673
929 19 25814
580 488 48331
700 769 93163
787 37 12494
488 618 85727
327 619 52970
312 495 60811
218 801 78753
32 360 59930
841 201 9151
524 710 60104
554 824 30062
427 175 59550
29 223 40547
561 341 47771
229 41 6856
920 451 58993
274 836 46857
226 632 59633
514 573 59631
255 317 28904
279 481 40180
251 97 2616
452 166 4479
876 792 50007
477 656 23106
156 271 7811
802 571 30035
105 294 44932
883 562 57234
794 503 60222
633 394 17450
892 885 24922
730 503 65981
465 446 80506
281 903 15539
703 528 87617
48 482 4015
453 639 87264
352 60 43647
617 517 81413
764 137 22964
77 352 1695
410 702 90697
403 446 90500
309 840 89145
590 899 22644
143 797 54383
485 141 22963
814 124 7268
210 337 18165
393 959 64921
706 269 19163
659 789 2842
652 734 44653
138 746 73307
164 172 44838
829 22 80207
546 907 17651
978 80 97196
422 257 59901
331 628 94076
199 455 97996
681 539 50490
3 988 98847
118 93 28851
637 531 87669
440 569 50103
826 378 7645
536 189 7668
848 482 68005
614 980 5451
674 779 37097
406 606 10497
841 920 31142
878 631 7304
839 930 24727
256 397 18739
757 618 50146
900 137 74911
869 729 14867
519 99 49911
950 192 77495
758 30 72662
469 447 1276
176 720 86914
485 185 39920
51 85 90035
819 424 2655
359 144 79791
107 288 69871
98 42 98072
896 98 66820
306 578 18167
966 559 24698
511 596 66764
157 442 13943
168 823 49693
311 213 43250
184 843 38954
480 501 60639
448 598 51399
687 552 47469
910 226 89166
626 145 64830
909 906 93250
902 933 8791
408 54 99497
731 404 91634
276 94 80361
535 636 13002
773 741 80693
675 421 66690
216 566 34091
610 660 9749
785 513 97359
918 436 20960
248 354 28837
385 232 1155
700 860 27061
468 812 98258
108 195 87670
955 417 14719
303 854 30365
468 636 7343
318 652 87961
688 859 85478
429 324 17724
713 66 68404
20 307 13874
31 430 94256
811 927 27188
703 631 26699
72 102 10416
639 138 32589
748 982 46006
776 313 46053
842 252 93408
840 28 87533
387 62 9794
335 845 30668
888 166 87207
210 199 12991
607 858 80545
390 861 66011
645 642 90449
313 616 8202
96 301 47324
139 34 9872
719 969 48604
894 189 23743
751 381 23901
572 694 11654
941 241 21138
466 722 90513
67 261 2242
79 192 83881
131 438 1441
80 530 1175
585 557 31845
857 13 92980
246 372 8113
655 330 82945
569 280 39963
16 114 56687
602 718 69456
92 144 89858
974 425 55651
783 108 43131
512 531 13781
401 865 84043
353 705 2120
624 290 78697
261 206 92231
231 143 72512
220 177 48278
890 773 28389
217 169 22434
265 62 59818
431 449 5223
35 23 85567
670 205 40039
805 678 78273
987 241 31705
923 179 59673
476 752 10131
383 197 95180
447 879 94395
272 692 2042
104 151 78335
287 658 97837
450 694 84824
512 767 64689
157 253 81298
38 918 87694
176 533 77013
809 763 31078
484 305 84170
726 302 75775
761 831 69061
813 237 47001
736 75 43071
126 386 25862
260 125 55254
954 384 87979
454 518 5065
454 400 95256
414 681 17798
697 585 83668
239 802 32559
27 511 55823
860 371 30378
12 506 92249
453 404 3497
460 976 58170
456 859 3837
939 769 89290
739 748 86150
905 629 32368
965 283 57725
710 617 71805
462 235 46517
977 82 54329
165 123 93526
893 862 45962
627 378 26958
65 182 40784
534 988 68908
552 142 66208
291 969 42253
577 490 81891
431 880 13407
457 309 52808
809 279 39325
516 719 22919
218 836 9665
783 109 53477
673 898 24062
555 426 66177
128 963 84887
20 530 89109
224 853 70167
490 881 977
958 515 88233
817 480 79873
800 214 25918
780 73 53923
287 498 36758
548 949 28982
203 713 75685
382 46 17346
434 69 75923
690 72 55377
532 281 32011
984 621 79888
53 972 13052
376 803 69928
872 33 95404
84 915 62467
321 463 92816
15 864 48104
227 989 92509
623 268 74935
333 326 49465
648 252 51202
242 32 95890
282 968 61531
600 799 21995
758 753 98245
704 540 5497
683 702 79828
834 717 99808
830 905 45812
119 439 49205
424 976 60061
589 357 15709
56 312 24655
870 428 17574
283 314 26426
104 935 54867
159 365 32153
21 774 58924
498 244 99097
799 745 42474
615 967 28814
780 895 39399
187 635 47965
419 835 89871
839 280 72850
701 9 43264
168 943 76992
346 481 75837
134 817 57620
975 112 26015
437 43 60854
807 782 90526
273 263 92455
658 267 10336
266 759 93728
167 743 64240
369 91 83357
875 7 66112
374 760 73755
863 646 2348
6 13 78388
911 578 92909
522 464 73938
715 527 46527
102 741 26020
458 222 31597
323 420 10588
904 227 59672
785 233 65397
237 890 97379
191 103 63845
752 760 18586
808 781 35032
171 76 18488
625 362 80449
754 971 64493
179 583 6498
106 577 79168
121 364 75922
253 409 17007
375 931 72296
768 759 85690
173 325 61546
129 526 67163
948 507 54323
54 6 40422
204 130 37385
735 653 67483
514 873 70493
484 938 78683
885 985 47368
790 82 99543
228 973 57437
850 296 39874
943 236 2066
119 286 29027
190 422 39206
838 665 63946
497 699 92922
61 459 99218
946 923 52561
45 651 90231
558 638 19687
936 395 1800
901 575 90979
611 711 94916
386 853 72377
153 696 74876
366 111 39108
369 377 11296
59 749 89712
206 914 41572
110 440 79623
249 825 28835
25 161 75204
556 432 76284
579 391 18280
91 125 42221
1 78 3831
325 568 64795
864 620 83231
863 162 28741
465 349 17244
847 112 49172
574 155 31424
46 3 3537
764 814 28612
441 437 18333
442 7 99742
789 332 36864
537 95 75746
146 856 96129
778 929 47554
613 962 89768
92 563 40405
388 290 5126
269 423 96043
26 473 63941
608 738 5371
460 130 47927
319 861 84600
545 333 59498
211 732 60748
45 509 26847
329 788 43156
866 877 17656
461 888 47264
402 685 53285
126 753 88052
892 565 60703
940 882 15384
932 871 33196
584 597 34918
202 775 41479
87 471 84728
946 470 51257
35 624 37114
750 148 69049
499 71 50864
771 711 13254
293 451 44002
705 150 74752
867 709 35699
612 405 68241
132 886 45425
784 708 57381
455 238 81204
299 896 48182
945 756 10361
510 496 24080
508 661 56039
21 230 26548
338 820 13372
376 139 11007
374 669 79243
982 712 66529
651 669 66476
903 948 12126
542 843 28721
200 851 29611
500 335 77864
660 816 89788
428 260 66457
588 671 24041
691 740 36142
59 945 51477
194 699 54543
201 216 26413
766 830 3206
931 318 68838
350 837 86536
426 550 84076
64 101 42153
693 327 97853
644 877 81965
40 324 77383
638 573 75959
340 254 87538
286 649 24135
25 432 16049
321 684 41892
564 87 26738
373 265 38709
895 980 26800
990 436 6019
922 362 76723
774 118 27890
887 648 32956
316 499 36396
973 234 82056
755 68 29231
522 441 62416
418 401 31367
348 55 3348
663 893 81698
793 57 64578
855 250 92278
913 740 81612
898 544 60692
57 165 51888
964 770 31830
606 684 48190
627 720 22932
849 601 35049
786 271 32912
804 916 88014
729 240 66508
60 572 18564
671 228 59721
647 797 93545
564 535 69669
36 937 47066
782 810 33218
697 358 74105
545 459 98132
345 246 22445
370 550 10366
676 917 27573
317 714 43267
706 40 72348
124 145 55025
328 49 72271
474 701 44564
472 346 11809
478 197 3682
838 925 18625
848 971 4355
663 771 75411
305 134 87435
489 174 26432
981 69 7847
55 334 18300
604 273 61770
365 29 95995
849 874 71006
960 924 10037
968 875 56716
136 682 4565
268 186 36558
161 581 91756
310 111 24780
88 949 37677
768 78 61084
439 152 99401
790 724 36050
716 576 35290
812 158 34054
43 434 76782
833 646 47600
156 408 2943
788 900 20069
662 556 26326
153 415 92983
308 24 21455
822 835 5029
456 650 96311
380 320 55548
538 551 75762
643 679 70968
462 264 96255
1 492 13296
857 551 58473
205 521 15547
193 133 61010
549 373 36461
361 957 73020
506 151 53193
990 345 87224
827 816 46911
357 593 33932
212 960 38748
300 634 94879
815 430 87891
607 763 10182
413 765 28115
650 368 50916
537 491 21861
479 781 89628
493 824 75642
657 801 77420
622 39 5470
832 965 68318
846 678 28207
221 207 93168
928 818 42040
625 284 60303
443 868 76166
583 135 48736
728 779 66099
245 844 20150
833 908 89948
36 692 60149
889 254 32201
855 282 99649
410 225 78205
66 14 12611
666 270 45290
715 823 91409
912 939 88174
727 601 20135
338 633 16336
497 615 16236
938 149 18857
402 778 17009
122 542 95015
852 259 26121
409 665 41410
558 777 66650
786 494 91590
717 641 91926
936 5 95723
429 152 2290
605 528 85299
328 672 83447
548 667 90515
343 742 34559
61 891 42599
798 272 84266
391 621 93576
416 147 9681
866 186 32789
825 944 95570
755 223 12596
727 614 70133
881 245 35311
27 250 13087
829 443 10538
120 743 32748
927 733 67608
889 398 68959
299 826 87280
915 884 82309
917 158 68936
258 121 35472
332 296 35468
725 383 9652
894 820 18327
4 363 54480
985 640 5898
587 934 59436
642 580 93592
707 520 39156
77 827 8220
123 115 14160
735 302 14748
83 546 93201
219 911 49832
951 523 62482
803 117 21649
549 298 6527
491 88 86654
95 654 8247
942 344 92246
17 336 60230
30 438 71020
707 160 47358
543 249 67271
336 417 33531
297
481
650
660
935
397
352
707
740
970
148
473
929
975
112
742
744
156
797
489
76
484
172
211
817
863
331
675
453
421
864
694
937
971
103
604
556
283
811
29
984
417
681
152
591
183
208
761
842
789
841
197
426
440
977
910
788
292
193
898
687
326
852
2
962
578
386
567
560
30
543
793
431
904
601
623
130
192
762
866
305
822
820
711
945
404
101
879
703
932
286
479
571
615
205
340
600
428
143
239
644
804
718
419
963
171
582
818
376
569
845
385
982
802
532
668
264
163
503
32
640
908
214
976
70
49
73
649
776
245
102
144
307
230
432
988
617
261
228
463
612
579
625
420
576
759
813
680
678
363
275
310
157
378
823
69
233
243
589
391
720
881
422
115
747
218
696
182
854
434
490
496
465
633
116
240
499
785
162
199
328
16
729
221
311
920
858
800
877
663
75
969
717
901
520
158
187
278
339
671
561
416
874
80
705
876
624
722
7
71
682
658
524
167
186
177
98
265
277
715
564
815
581
961
753
356
964
915
21
406
210
418
859
683
655
375
121
748
498
338
620
400
424
18
697
572
593
4
308
237
653
477
657
72
316
944
685
526
346
455
405
438
28
492
699
249
867
44
780
825
215
383
632
55
39
959
129
354
200
755
590
666
695
464
314
754
161
12
559
765
856
739
256
393
127
672
488
806
81
700
619
873
344
665
216
629
487
296
360
118
164
191
918
628
342
411
24
886
506
480
921
213
770
497
731
1
371
504
575
777
540
664
878
85
639
173
190
522
74
82
909
916
284
436
978
373
688
584
872
259
474
833
857
809
741
659
919
772
902
456
78
786
206
323
276
523
94
8
973
637
388
502
357
673
775
31
538
537
509
511
295
332
134
317
48
36
395
838
106
52
142
315
409
203
924
133
596
114
895
110
300
217
25
446
281
943
927
763
231
460
91
38
235
120
334
968
840
778
79
501
746
401
821
917
302
544
756
423
606
529
949
774
58
493
536
306
430
773
843
814
387
525
355
407
512
627
324
304
871
413
255
445
139
510
153
435
390
41
184
796
936
764
99
607
361
950
68
399
782
597
514
669
263
870
662
287
364
109
486
677
791
826
369
333
558
733
63
875
168
475
84
56
989
319
787
459
691
636
693
890
282
349
384
285
570
573
123
807
14
588
986
583
185
9
258
768
92
402
518
10
630
981
65
735
835
595
897
348
888
362
586
757
931
269
647
605
752
64
889
303
933
219
853
247
686
472
322
562
563
433
736
827
824
141
398
732
327
461
23
51
726
268
941
767
519
728
17
165
252
95
635
318
138
267
930
43
62
365
313
466
539
894
93
831
27
441
414
482
288
887
846
829
554
769
651
107
860
771
320
194
808
359
905
178
5
834
59
603
341
238
566
954
403
13
195
345
274
634
967
468
159
674
709
136
104
176
862
795
321
714
828
646
452
132
166
50
46
222
880
779
713
483
224
155
57
60
207
137
907
987
885
368
125
531
534
622
661
508
15
113
816
469
180
865
546
151
724
234
551
609
22
47
541
631
293
684
602
209
220
598
309
552
925
254
147
61
26
883
470
253
667
169
443
555
90
367
721
266
947
832
126
83
613
614
450
244
953
979
272
938
128
396
223
366
790
906
170
96
884
891
903
174
505
117
521
298
784
577
896
507
289
146
87
196
336
985
351
381
850
781
389
270
54
494
257
533
350
594
40
181
425
749
232
280
716
608
86
135
97
960
670
980
983
467
946
542
545
645
246
77
212
751
273
923
478
689
899
939
410
819
706
911
798
738
638
198
347
565
548
111
611
844
154
704
851
485
928
291
448
799
271
893
730
429
942
11
750
100
952
66
377
914
408
549
439
447
3
226
528
948
189
621
343
374
370
656
42
290
260
516
783
225
294
33
642
882
458
745
131
676
723
442
758
45
690
810
652
913
701
119
500
830
491
727
861
616
37
20
837
515
654
966
53
957
737
955
517
457
89
553
35
145
926
712
557
250
105
934
329
513
202
149
372
67
958
692
592
974
618
587
599
108
227
179
454
766
380
476
892
550
88
335
922
803
719
580
242
530
325
702
150
124
836
299
847
648
725
626
188
140
19
382
839
312
412
337
869
201
848
708
900
965
792
262
444
279
912
495
353
241
6
236
995 761
244 528 20396
261 645 6852
574 502 38310
934 674 75802
541 634 3920
139 331 89730
755 230 60978
722 529 66347
298 130 820
502 322 98574
854 675 75060
987 560 45680
499 137 80791
209 432 21400
614 557 43534
63 234 30551
555 990 67514
668 405 88172
67 248 14683
869 468 18309
841 442 21247
494 340 99861
437 571 51223
229 955 99652
588 258 45419
122 134 60181
531 390 48647
145 116 17305
515 211 67004
293 378 17379
499 595 61479
676 110 86333
619 315 12775
235 132 58904
634 220 48954
485 458 24944
198 917 54090
27 201 25340
965 495 86643
385 6 18015
531 43 40559
112 199 15033
404 664 10847
852 42 39917
90 878 42888
97 522 45196
648 489 28655
795 167 98368
382 265 35950
183 282 45878
94 969 17554
132 542 6422
568 16 44488
747 950 72938
21 749 5184
354 606 54833
282 680 57576
562 865 97676
653 707 1864
631 106 9968
656 892 34572
724 100 81040
429 91 84533
842 14 20980
949 681 17996
186 962 65904
207 516 74522
987 456 63196
704 596 75
823 252 8063
946 77 58559
710 225 41072
603 371 91998
983 729 50737
834 316 33954
770 908 82864
71 899 59185
607 766 40396
833 321 31615
84 326 37233
883 121 2185
452 984 69753
147 521 63064
509 888 59060
706 427 39651
604 170 97225
578 562 12747
820 397 55710
293 662 73685
806 905 78049
23 259 58234
908 573 34861
591 93 67946
68 197 25505
764 428 15688
865 171 24733
361 10 68301
753 504 28098
767 327 5933
893 848 28555
402 746 29553
412 657 15079
376 238 91399
404 176 16355
580 89 83718
299 37 86913
444 272 1789
464 96 86408
97 810 28157
917 624 90973
945 957 14284
850 778 29603
988 813 67504
631 98 35192
493 536 95900
164 182 79068
579 352 95278
655 403 23504
67 588 45053
801 960 92065
992 300 3358
436 794 26715
977 802 22756
949 63 20058
424 118 1688
809 582 66879
258 337 72195
252 364 8670
370 861 28092
106 344 78495
66 740 41076
808 995 66035
958 8 48037
52 795 50264
128 447 72312
655 264 90270
485 890 24623
550 157 20539
47 614 7527
602 592 58745
512 475 59989
927 848 25102
96 408 94332
184 486 61944
309 540 22366
924 966 57730
241 215 26347
61 793 83696
513 1 3325
423 559 69163
87 817 95214
432 131 3023
638 553 927
765 743 11460
400 136 42989
420 885 87129
378 448 83578
699 930 52935
510 612 47538
31 303 9887
440 928 35327
565 583 28023
717 803 60510
974 466 87117
438 152 87726
561 358 23915
181 489 61250
723 530 63387
366 702 54404
918 539 75773
822 82 32356
627 413 18647
847 661 22371
41 921 43094
311 776 55585
48 65 89771
107 374 67643
515 745 42890
991 468 61468
745 571 22755
704 38 1327
594 734 61375
586 948 32413
399 896 19159
916 548 40181
3 536 69531
143 333 18245
671 986 91497
669 6 10815
457 593 16954
584 205 46890
859 328 39389
889 545 92449
114 649 14437
503 713 4896
24 261 70875
828 618 84674
661 341 16654
909 445 29856
407 842 56649
345 43 11046
138 49 50243
490 641 71425
267 982 93816
109 857 87327
906 495 6585
532 893 51997
662 441 34228
507 873 10517
533 228 82883
284 884 53436
339 15 93811
353 206 68051
199 932 11298
544 262 86907
621 74 8366
777 22 20921
512 552 9877
932 20 20806
765 711 34395
56 895 65634
926 231 18702
761 771 99037
793 126 35441
635 312 97733
816 687 96076
244 678 30022
861 627 84415
922 133 49310
57 327 93013
684 335 30355
203 799 84820
527 617 82764
137 211 90199
353 158 17420
277 202 33679
760 827 86237
645 543 52189
345 814 13167
951 971 17814
465 782 33538
241 107 90637
111 354 94210
563 667 10834
792 56 22387
308 324 75983
938 859 63892
165 620 22984
757 415 1293
509 38 66106
931 277 49006
504 433 87121
39 17 94811
589 416 94109
735 586 49743
719 600 41578
594 798 84086
20 78 91262
885 356 68597
616 990 88697
569 703 64505
732 920 62079
460 320 52305
92 266 66487
401 537 10580
959 363 54829
959 566 4757
879 988 52554
300 677 3205
162 347 50214
273 936 19455
400 374 28448
944 472 52405
292 375 96516
836 366 27708
394 881 68884
690 824 20365
813 974 66441
104 763 91180
208 503 47094
610 837 27134
575 721 40299
855 83 78428
543 9 26844
123 626 17689
306 207 1290
845 811 6708
800 652 51703
549 993 22369
856 4 36463
952 11 47350
510 718 29581
86 455 74205
533 294 19290
402 381 52174
39 687 54703
110 493 50160
876 121 63835
538 715 36956
903 942 49656
797 966 76241
304 57 54215
877 430 88766
289 101 97200
874 279 65663
610 597 70932
376 886 64981
625 498 44316
858 768 23569
194 684 31773
914 975 39823
127 418 51834
60 899 86224
53 477 67349
902 105 57911
501 829 97903
863 705 84767
880 457 84752
775 373 4847
367 750 46373
276 606 25656
982 754 15724
296 511 25210
552 909 19279
811 169 64204
973 217 30519
393 666 3223
746 961 18854
802 787 92009
144 213 15628
307 692 32783
858 622 64379
749 864 70981
348 444 57816
203 755 68626
570 104 38066
914 774 6446
697 90 74300
622 272 52663
76 434 78056
91 513 10294
438 807 42717
74 95 12251
120 618 64819
222 728 37478
774 417 15050
629 93 33059
518 162 2105
708 99 40466
603 336 62785
130 839 25624
350 873 86121
129 824 22847
462 785 22481
725 118 77606
757 673 84465
929 478 39237
896 373 54671
964 357 92474
83 815 35223
140 54 49397
978 623 86039
545 587 24663
985 260 18639
904 731 60662
430 853 14368
587 84 23371
236 55 51544
938 607 8601
633 556 25672
73 3 77395
665 673 36413
915 595 96763
862 837 89234
227 65 70928
967 741 80593
460 520 12596
834 734 30086
22 269 24964
877 975 69957
790 600 29340
736 832 56469
810 271 56958
254 406 51330
127 546 69959
897 554 95247
40 972 35049
730 776 77375
32 480 60943
613 598 98407
53 648 26405
256 671 47904
927 135 90209
581 632 47896
24 377 44898
347 454 73222
169 360 20542
752 329 50985
424 69 67179
939 135 87358
625 589 59237
473 500 72939
709 605 58110
694 796 83270
640 153 72053
312 316 94863
158 144 62413
409 112 40922
385 88 37832
256 291 21175
288 867 48929
819 193 96700
251 572 76307
682 448 4215
923 910 19813
913 219 69238
245 481 34283
381 538 49847
358 699 84317
559 713 52334
743 343 58961
280 939 79177
10 919 84254
815 579 82540
368 2 58251
984 866 31357
822 693 36150
891 395 23538
226 591 55724
206 283 87380
326 993 84539
726 534 69595
670 693 95082
383 148 95613
860 725 4011
739 650 64336
943 553 43290
234 505 23566
196 868 16222
125 700 81126
760 421 27913
5 445 37622
855 48 73559
419 268 16266
152 694 43675
401 131 75224
744 726 83044
540 639 77820
766 338 78520
475 365 6609
227 663 73423
525 281 96355
937 911 46636
850 221 99279
775 514 77366
660 89 42995
120 830 38663
709 7 11622
317 866 43664
181 479 38841
304 306 1415
714 60 37333
99 102 60840
521 547 57757
117 321 27544
450 42 2289
967 593 66970
576 569 25523
923 989 38926
941 447 52713
731 450 29499
363 838 1096
630 838 40937
686 76 42456
351 494 7345
508 330 6395
267 386 88324
860 200 73507
790 840 50801
13 945 22953
307 683 22573
786 632 85686
657 875 64680
825 913 5556
350 386 16217
410 716 62649
5 119 28722
829 296 94023
619 901 9008
902 537 17443
212 188 51636
49 351 32924
155 915 44536
359 916 66753
191 613 93929
113 253 56770
808 907 79250
596 738 13242
669 319 79547
455 570 39761
285 26 41870
168 894 64080
692 772 33414
549 981 50807
140 47 83443
142 825 58171
965 710 74210
869 33 62461
690 224 28944
364 780 5000
37 429 99590
268 46 1235
785 150 60766
878 924 66384
723 611 22161
695 129 70020
275 819 98062
75 922 19822
700 287 79835
929 370 99848
947 35 36632
535 882 24572
396 377 54320
470 379 21703
894 201 25213
800 732 9526
335 13 59218
396 426 87510
408 387 79065
80 782 21761
294 784 27694
210 963 51644
942 792 13472
119 862 69024
94 148 11380
310 175 18588
143 331 20141
274 197 37777
287 759 98500
51 482 1857
887 568 14765
954 434 14369
487 868 99100
384 30 22796
636 849 62978
963 640 59883
2 968 36633
748 624 15822
391 803 82825
767 165 25011
496 179 50649
783 190 57515
599 534 11709
867 528 17324
151 103 93080
779 481 32187
484 764 46334
889 796 65674
548 379 55173
390 166 71865
523 581 90590
728 759 42276
346 161 75021
383 797 8840
856 30 78869
117 291 79217
953 979 12547
309 232 24833
443 702 69003
898 695 13888
546 71 16916
772 598 29429
292 15 69637
989 544 6683
658 86 73753
756 901 23964
262 73 69266
332 941 44810
254 257 61979
218 176 48242
697 826 84959
925 919 81291
380 831 46396
951 644 88005
128 126 59817
314 977 4121
814 7 47472
411 310 79550
637 260 33365
237 532 6048
238 359 16413
394 651 53944
25 561 46022
101 286 95045
41 633 94521
912 688 69313
431 590 61723
425 703 86277
944 205 36045
36 61 54236
346 79 92389
388 628 25696
270 711 97975
416 239 37365
773 154 13730
399 781 74005
730 142 69914
788 737 65205
412 644 18287
40 529 81728
356 487 33412
883 64 46481
295 654 909
325 935 45616
724 960 73273
134 301 45889
25 666 55973
992 794 23015
971 123 80398
771 720 66748
678 976 10293
527 246 59284
805 506 70602
257 714 78773
788 735 40608
397 804 59711
149 417 14000
490 978 20394
585 786 30977
339 334 51617
677 892 32736
231 161 84653
79 623 84289
81 449 71164
185 100 1765
235 668 8486
166 467 3436
773 843 16276
245 761 15304
198 18 71218
236 323 65591
585 324 10
446 744 26791
935 551 46459
526 441 72072
574 454 39392
315 682 83214
446 330 6742
392 157 74741
799 253 52554
721 192 16950
584 525 65219
124 522 78160
28 827 18601
29 59 72519
177 247 83609
185 846 31340
232 706 18142
716 372 74707
628 298 88769
828 177 71071
187 251 3597
186 659 84098
344 847 51562
422 461 49945
311 275 64869
476 604 72509
313 239 86888
189 88 5048
288 228 51582
565 948 79880
903 334 75947
337 835 9043
369 575 86942
192 557 23606
550 469 73156
336 897 46608
283 664 94967
601 113 82752
382 285 16551
488 769 31460
818 508 97231
602 154 76674
874 44 5467
352 250 94362
964 672 70882
970 891 48024
209 541 52420
946 33 59279
66 739 29538
530 872 73428
476 281 34637
801 580 96869
50 609 23822
249 882 69288
995 387 61850
943 750 80410
472 854 75773
879 789 92980
933 453 39924
469 111 4941
133 156 44992
384 812 29471
420 411 77204
302 184 17260
431 189 19288
821 12 9840
758 313 59825
278 519 67084
340 372 96295
680 646 61859
178 380 6955
905 168 65069
954 563 96919
566 463 90337
523 474 11182
193 191 19438
233 567 73238
230 564 46820
409 962 61367
357 145 13051
471 31 83910
54 190 88022
857 388 90444
833 558 4716
226 440 30727
488 355 58982
701 9 18436
646 77 11464
875 439 875
141 582 55953
851 398 57349
524 770 33243
958 577 86376
737 524 55559
436 263 67573
200 464 12864
670 108 27965
742 264 98093
741 567 3528
216 328 93859
59 280 80490
17 180 63964
69 969 27989
92 642 3323
433 609 83209
649 50 53711
870 985 71612
599 817 77711
12 698 34145
8 458 40884
1 173 47734
940 85 10879
423 453 73966
274 526 64663
539 921 49903
178 156 79179
362 146 40794
403 243 87488
620 295 92549
715 466 40791
497 171 96526
691 290 13911
78 314 33221
480 675 88362
928 405 49118
105 115 95406
517 961 64267
887 979 76156
558 271 95824
592 629 78815
590 864 41917
58 937 30798
812 492 77354
204 870 95463
290 250 25277
777 564 29330
876 155 31527
551 51 125
362 425 61153
266 957 69754
299 219 45444
733 451 11228
763 36 10304
863 421 53201
573 348 82242
514 907 12212
520 637 75972
654 173 71910
506 900 1143
240 325 59047
276 159 83661
319 14 94335
926 895 66280
160 202 871
414 839 23381
986 643 81611
210 255 64647
880 994 70578
218 214 38445
491 289 65789
442 821 43556
459 780 11433
667 278 73299
638 956 78740
398 733 93492
473 216 27853
393 109 40508
180 167 64236
500 542 16828
698 243 22375
456 681 33363
27 21 21530
781 507 48108
871 322 50782
884 727 97359
212 689 99768
16 391 13255
164 449 7772
804 818 91153
701 58 2416
146 297 66198
418 898 7085
70 826 13199
217 784 36178
806 953 75203
273 196 34409
554 754 19645
844 85 43094
279 572 41370
360 422 43677
195 605 42721
303 853 14607
297 323 83360
970 87 18813
676 712 90137
752 81 49953
410 342 79409
844 696 92326
182 685 1923
153 871 40423
900 518 98325
612 968 47469
577 478 36701
601 163 49060
663 769 26949
940 665 78051
305 188 51483
798 636 80508
349 656 6346
392 52 38049
406 407 58313
981 229 34823
249 783 49366
832 597 5818
55 215 74040
578 511 4418
516 576 76651
82 367 85054
496 816 28698
151 642 45416
718 497 44602
491 555 18019
751 248 83883
332 214 22290
237 973 72087
371 736 65590
465 172 91790
952 740 66217
483 183 73945
474 925 32394
779 375 15314
805 742 80309
615 947 26145
122 918 6256
23 286 89591
479 674 30742
791 617 80900
696 956 80796
194 389 84763
102 660 62120
172 136 95780
881 556 49629
845 242 17457
751 223 11422
872 501 7645
910 125 29702
467 652 4239
621 114 16739
933 686 9249
683 459 385
762 435 51925
483 174 24776
659 830 85107
365 4 24942
413 159 61564
75 477 3276
26 11 78355
729 789 20949
451 920 57697
498 688 1117
62 355 9984
983 722 1544
368 650 30092
116 679 5739
492 911 89286
141 150 86619
302 19 66575
80 672 79081
138 852 1288
836 45 44601
179 931 43281
994 124 15971
851 68 23283
437 615 62921
547 904 29612
208 486 50972
343 639 35570
349 583 5635
936 791 56409
225 174 35595
976 462 40358
70 29 4959
45 361 83667
691 849 98210
46 160 57259
115 807 34735
44 616 13137
308 846 44525
427 255 52448
685 265 11520
991 221 67383
435 727 80972
608 719 18787
635 630 89541
269 187 58182
708 233 21210
517 758 51919
195 747 76246
19 843 91796
831 213 51417
519 284 96345
428 756 46995
139 414 3008
103 263 79642
535 720 27819
705 163 98923
608 333 86424
246 912 95395
439 778 71592
823 641 87612
835 717 97002
32 320 99054
463 707 96784
452 461 89857
484 560 6479
64 247 63566
934 679 8007
305 426 67601
647 220 31093
643 170 54239
98 470 36826
222 108 27355
147 980 60218
972 647 77272
369 753 19269
329 149 47165
712 443 76588
890 841 23400
955 658 61114
259 840 23456
980 34 28729
482 28 97190
689 204 34563
341 318 95262
223 318 37660
886 738 15144
651 240 91707
419 34 70902
18 72 77065
505 389 68585
950 906 28590
72 888 53570
471 95 1911
787 242 61716
809 626 23838
930 415 71275
653 175 65105
820 301 86880
338 342 22664
395 62 60542
611 762 14783
224 35 94587
768 317 10624
982
419
512
356
258
926
431
964
776
310
506
284
430
336
649
949
432
711
510
10
642
128
434
460
579
227
222
245
180
487
826
478
300
800
60
191
58
779
977
756
653
845
59
638
584
923
535
901
411
242
907
692
597
657
773
126
656
511
580
517
717
451
188
15
684
540
752
397
466
613
225
698
329
205
959
153
273
885
243
522
955
110
797
925
529
735
726
709
33
473
32
403
939
158
378
156
636
679
341
543
739
729
247
27
289
904
6
786
313
967
935
703
714
441
19
582
887
537
916
332
505
89
320
363
639
351
120
40
751
644
413
207
590
825
811
908
99
643
109
972
834
883
815
87
562
616
366
782
602
789
353
96
688
312
252
479
645
817
635
350
667
648
115
730
986
395
619
229
792
768
248
801
335
859
634
978
458
578
444
489
37
547
867
437
835
884
958
788
555
531
102
808
607
323
777
587
90
55
507
611
169
915
702
658
429
820
176
948
519
114
202
659
142
770
161
21
211
781
125
56
857
856
818
446
204
39
641
398
294
814
457
8
5
864
127
355
763
467
238
82
640
348
259
175
160
443
271
116
92
456
862
846
806
962
840
912
745
732
536
821
173
485
680
368
369
991
425
274
50
988
989
106
400
924
805
12
809
304
198
585
63
863
549
609
311
318
382
581
317
361
921
381
736
459
793
894
594
195
687
941
749
620
888
855
236
454
295
182
970
286
69
261
992
922
574
334
494
338
847
433
253
670
896
496
105
57
595
807
524
518
902
174
297
929
346
4
359
740
758
498
412
682
172
878
903
530
575
946
7
362
588
844
533
747
971
81
785
138
599
453
930
920
352
683
133
521
491
677
306
542
330
858
586
861
221
260
49
171
9
256
952
718
603
38
47
592
798
681
136
246
672
760
900
931
794
218
591
95
733
985
447
282
544
987
233
561
18
74
380
778
853
157
44
559
427
452
389
741
854
865
266
913
118
534
744
503
210
890
880
371
140
80
552
436
627
470
664
390
838
78
981
910
849
42
407
514
957
499
201
276
14
327
538
316
738
746
905
26
2
192
652
124
761
841
600
31
500
342
576
927
655
179
892
28
637
165
566
339
673
70
255
917
666
606
980
823
550
45
299
661
240
647
61
197
911
139
22
268
870
874
623
610
463
438
824
790
66
358
748
831
385
435
147
414
162
757
694
213
34
979
965
278
622
326
471
394
804
942
877
134
572
772
416
963
206
872
725
196
76
159
250
724
839
836
465
771
305
137
706
375
141
428
303
231
370
232
615
150
837
249
934
234
833
239
146
285
464
301
199
123
984
319
708
209
275
614
551
401
296
145
269
700
909
508
314
290
107
819
122
598
475
67
1
193
383
545
364
633
422
373
365
442
502
678
495
417
448
699
690
960
774
795
799
553
241
966
848
420
523
851
624
933
882
710
769
129
484
983
219
674
947
293
94
91
813
873
973
827
954
866
331
869
695
631
79
938
573
408
577
23
943
264
722
54
914
51
515
164
388
215
513
130
488
423
72
541
891
843
226
630
279
203
860
384
144
629
660
548
961
969
424
589
526
601
879
560
392
391
43
762
608
875
707
944
593
216
262
440
689
376
791
539
84
462
728
796
895
950
103
75
897
719
716
325
62
77
753
810
230
121
651
780
828
618
287
701
476
220
155
830
737
852
178
228
472
532
474
349
936
379
372
564
945
187
393
3
668
308
426
399
596
994
93
208
568
177
516
445
377
829
154
