3
288 209
192 27 65480
197 59 60574
114 14 7056
186 26 61792
56 275 67420
34 58 84612
147 76 59848
145 8 53512
247 110 75891
121 157 43353
275 147 60139
36 247 7871
103 283 73603
144 249 65584
128 164 29303
171 9 34425
229 98 70353
264 183 62837
179 172 55006
180 40 24413
79 288 15739
270 11 74273
73 61 42573
148 209 29792
275 220 86585
215 225 24404
278 150 31428
2 33 49465
68 80 81592
74 24 14154
120 272 84122
18 251 24469
202 159 48221
115 136 94264
58 45 15620
73 40 10992
63 162 87141
205 47 52190
210 277 62088
127 256 75249
63 222 55180
139 260 13482
208 155 41647
94 17 34294
130 162 127
221 265 77537
284 4 86745
199 13 94212
229 88 10222
267 168 97248
85 122 85656
123 51 23898
42 227 71688
121 252 52524
177 28 28445
255 93 84543
231 4 75437
255 53 85939
266 54 41880
250 67 55397
127 55 22224
159 17 38073
105 32 64926
213 116 78877
110 269 42961
113 208 12147
233 206 10578
196 184 8171
92 109 69552
268 84 93633
232 146 98120
3 239 23490
63 58 8767
158 277 96568
68 187 49473
37 193 9633
45 169 52709
33 222 86799
122 28 95895
65 161 46497
203 103 15596
45 97 12903
15 97 20531
91 86 76128
146 112 9076
272 109 19152
249 38 29740
22 69 37852
32 259 47328
90 143 53169
138 167 16138
6 20 88427
181 190 89198
101 236 76624
145 18 12833
146 288 85589
128 258 6992
24 85 79794
171 177 62047
179 126 284
186 4 32871
156 202 41836
285 32 51739
288 61 30867
26 104 10661
1 86 36857
264 196 42036
263 214 10117
130 29 12043
128 58 13532
173 165 61687
112 168 35445
4 173 68641
282 206 68624
222 202 595
37 109 14470
87 206 88004
44 101 51568
145 132 78791
18 115 6379
175 112 98174
111 101 32126
276 260 24745
70 39 34309
118 20 50731
159 195 3586
61 66 850
48 21 48285
190 285 25234
23 176 8866
62 22 64912
130 160 72254
122 58 29512
166 188 18920
149 194 60843
191 101 69664
105 58 16840
125 131 53557
217 111 37283
196 151 13928
82 173 92916
125 186 48380
287 1 28034
31 145 5506
38 205 40095
6 123 95146
27 280 27677
26 41 55473
194 126 30316
221 231 31194
129 9 90597
270 228 42390
225 217 87598
284 84 42710
253 168 79815
52 220 67360
89 70 54863
154 221 65042
34 155 73871
59 83 45350
125 3 54904
123 142 95057
173 234 78294
248 263 59960
163 106 76685
186 220 77417
18 3 66092
231 16 52501
216 186 43764
101 112 79084
58 205 79136
275 255 13498
86 261 42240
191 260 21617
124 254 58972
277 125 8639
75 26 46328
236 201 49628
151 161 53563
46 241 70121
178 262 44131
185 167 82037
284 135 21065
275 257 98259
235 63 71646
59 3 8149
95 245 1378
274 167 51912
209 101 42157
163 14 709
143 229 3143
266 152 34199
81 210 86877
240 203 35049
27 30 16690
60 193 29624
3 51 59663
122 199 64785
27 278 51903
21 205 40377
140 233 78922
101 270 36397
166 227 72040
145 241 12318
31 64 14521
153 208 73168
101 141 50927
125 105 30507
29 57 43991
242 146 83230
15 211 30256
143 107 77858
99 193 97076
49 7 12056
174 24 30117
14 122 13687
132 78 8114
59 281 70389
28 279 78307
34 286 85906
151 69 28690
130 213 72830
231 23 67184
266 56 12982
72 42 87172
162 112 19448
12 191 60046
245 232 11221
261 134 98153
279 212 5307
224 239 42625
229 56 36833
223 208 65428
99 10 34177
252 105 88783
218 191 40812
27 170 78062
25 11 37892
26 77 45891
109 58 7705
116 182 38733
222 71 76019
108 105 79686
18 133 1960
138 273 29338
261 112 94761
28 170 57221
271 177 69372
219 216 49815
100 83 20156
204 101 62768
226 257 6668
240 222 93495
67 220 34557
216 254 90938
246 21 91184
3 138 7934
58 214 44992
58 7 68583
125 198 45957
183 119 33135
126 206 10071
50 122 85693
77 244 25240
216 200 49967
230 2 64092
43 72 69701
175 80 34932
237 143 33734
163 269 51466
243 22 88036
214 102 96488
5 145 12723
288 42 90488
264 189 592
238 56 56133
238 178 28753
122 206 60435
239 196 78584
117 125 27626
70 56 5274
270 35 13753
137 34 97205
19 40 62122
39 207 5868
256 270 19595
190 96 29920
259
256
286
26
125
62
64
58
72
105
213
10
167
130
5
243
99
186
272
128
271
152
25
181
197
199
2
28
75
131
20
175
84
229
263
63
190
52
269
93
220
21
184
98
148
261
285
171
232
254
200
35
139
257
118
172
132
149
233
250
168
242
27
30
173
183
221
9
134
133
85
33
147
60
178
120
69
264
189
157
36
161
246
239
97
222
156
224
81
40
13
87
119
113
3
230
194
57
96
86
191
83
164
143
47
196
127
249
110
121
207
180
14
31
283
276
170
226
270
177
137
100
238
234
61
138
79
114
176
204
104
48
34
82
76
214
45
71
80
6
51
103
265
150
141
281
17
1
209
210
142
108
160
29
50
18
240
158
122
41
39
206
8
88
95
59
278
92
201
154
77
66
70
244
68
237
153
258
215
198
101
159
19
282
37
117
67
140
78
144
179
151
129
166
218
284
107
49
275
163
192
16
73
185
65
124
53
111
208
78 41
43 33 73090
61 14 72663
77 22 45122
44 5 81214
44 22 49952
13 12 50201
18 14 12509
31 57 5588
6 78 86023
20 7 64566
47 2 53932
64 10 92565
69 14 77354
73 72 40737
41 16 66751
13 42 10343
5 70 69826
3 34 4361
37 1 18607
4 75 93729
73 21 7933
27 17 92232
5 14 59661
11 30 49838
69 71 17980
39 40 57470
25 17 36930
9 77 91079
56 36 32374
8 74 23286
55 34 28664
1 70 72849
67 3 26055
25 46 70693
17 54 15083
70 38 73623
33 18 63525
64 61 84312
55 28 67648
25 6 16607
25 73 22637
57 17 14579
62 59 89315
31 68 19626
51 42 79054
30 60 95784
19 21 74051
26 65 98772
63 36 71984
58 1 39371
35 46 24113
69 36 57653
47 48 806
14 66 9959
7 44 38858
64 52 8324
11 45 91993
47 12 82144
12 7 94194
40 15 32712
18 73 54836
23 6 26783
75 53 65893
63 49 85
50 15 50664
11 52 73922
65 13 76663
63 41 30527
29 5 8810
56 62 9564
14 50 41793
66 24 36242
8 3 57721
57 4 66684
33 34 18779
32 33 70508
76 64 91331
77
31
47
30
14
3
28
74
46
75
49
53
40
65
7
72
8
48
51
69
38
66
76
44
63
73
36
57
11
56
32
29
10
50
64
39
15
6
59
16
1
1555 1360
149 1359 76437
238 295 73667
1450 1064 47565
679 23 3707
987 243 9935
1254 1491 53419
254 607 58603
611 353 60013
1078 814 70019
43 1125 63767
399 501 55430
1049 534 38061
566 13 33344
1003 1272 35240
822 112 24079
513 595 13535
220 1270 95945
1025 1128 35307
498 1186 20409
242 480 24411
115 420 11234
1531 904 36066
1180 818 13170
960 743 43216
1336 793 39193
725 385 35321
167 981 21561
758 763 69891
933 272 97378
816 1500 58430
1253 17 52299
1392 1220 18825
370 1143 79384
1163 1289 5895
414 966 14696
920 525 29252
240 1155 63668
287 577 81445
795 1296 3563
1300 503 5029
1337 422 81787
561 1505 90865
632 1116 66808
716 667 89791
1218 904 99201
726 268 88420
51 1161 74785
44 306 70321
139 1203 40944
267 144 50316
1520 754 98539
662 1074 16232
570 1019 517
454 415 18198
319 1527 62230
430 1421 37299
981 1501 31915
347 445 19436
1339 44 56195
570 1331 77875
1197 104 32434
67 724 21514
593 514 12665
1145 1099 86296
1088 878 15522
490 1476 13740
956 658 99211
1464 214 74527
1159 402 38932
195 650 67597
1152 171 37599
619 1275 27086
355 1196 34558
1196 416 76004
193 1227 14602
180 1051 6799
124 175 7712
1498 187 23321
768 497 93257
355 581 65281
631 1040 95835
546 320 73932
1150 1000 12066
1175 330 16409
1161 1282 39672
1360 1464 7222
359 696 83034
283 212 65722
559 272 61067
892 638 7599
1261 379 7153
1363 958 73044
103 207 31861
1055 286 11759
847 451 70328
1039 880 33450
851 646 13563
1449 997 10025
374 532 33602
23 1464 23583
1349 1178 1865
946 374 49755
913 1397 6542
1499 1150 34301
474 434 27077
604 252 84727
54 1002 52282
1541 373 64941
152 440 96210
597 1149 38285
1287 123 19339
1147 259 54290
1388 1506 13480
1248 17 14485
1390 1357 39373
1359 1151 21125
710 1329 84005
258 217 93043
54 1424 32393
31 175 17173
1477 1196 47740
919 645 67798
1485 157 22887
230 295 40010
1448 820 62139
498 529 16888
565 455 3304
17 1118 87802
188 1429 1515
1097 198 82236
182 171 668
184 863 29490
507 175 67418
596 935 17757
491 1393 15218
1460 291 57536
224 655 32686
117 257 8859
1242 698 89386
295 309 20421
1312 436 5480
926 631 75026
1116 166 737
950 1478 68464
1386 1213 73825
944 934 419
1147 193 81590
823 533 19837
1422 947 31813
696 606 79447
1122 343 51719
132 89 2806
579 971 8647
901 672 2350
713 688 11790
743 1159 28255
1191 269 70090
292 193 20270
487 583 54029
881 602 28576
198 788 97006
1519 473 17569
1224 522 69709
849 438 97016
1372 240 51287
533 1555 76245
1150 389 76971
448 506 84124
771 196 80919
1279 1384 49280
544 3 86611
116 1036 61880
741 1486 57139
78 84 27727
69 1274 88042
274 1314 89558
1517 440 7343
955 1366 34991
1443 515 82500
1488 467 34614
383 785 73339
1164 123 25310
1455 1047 1975
1404 584 12128
383 1357 45695
998 1382 81787
507 158 39763
627 1368 91549
1425 634 22799
751 847 36965
157 816 41011
391 1226 79559
246 1501 50925
36 311 78169
909 204 68577
716 177 61460
1526 682 97887
278 931 93671
923 1002 52086
1434 1423 47348
1098 642 74253
874 1290 44211
1549 1062 79861
56 116 21917
1029 286 21548
611 1422 56324
822 752 7761
708 159 96813
71 1387 85990
295 1357 3628
536 1164 1364
799 330 75645
660 259 46187
251 1171 57772
1457 1286 28414
710 1285 36801
364 821 79538
1535 1459 18236
525 5 21521
1079 1360 66274
780 1429 3445
100 439 58906
1432 448 86887
1217 611 24801
1065 846 50363
234 299 38503
981 721 72211
728 448 97764
344 808 28403
1524 1075 42012
1350 730 75830
1267 746 89441
219 1041 28656
708 1416 97806
755 792 22013
292 78 77128
585 1383 79304
394 956 99515
1281 1447 82965
218 328 1440
1228 1063 18144
245 94 95276
1290 1245 33266
271 421 69103
94 896 55515
1328 790 27745
1219 781 66092
713 1417 99614
1354 427 93132
17 230 70883
1150 65 36377
1523 1317 68776
978 476 11400
380 710 65570
694 576 63301
581 1292 25323
175 494 40153
758 742 27554
1345 1548 24300
818 89 81517
873 1140 10165
258 1020 34246
156 281 41826
1320 1120 61316
602 1313 13284
1240 241 41956
1061 339 28894
215 46 27334
1480 903 15846
733 1022 7106
807 1507 37167
168 578 35020
1037 1019 45687
884 987 37784
825 290 68816
1537 583 47848
1448 370 60485
468 931 57976
1293 884 80209
768 1510 45918
1276 406 9531
1013 673 24379
1320 1338 6528
1114 1489 37344
1364 295 3930
674 1055 79370
918 1513 86915
756 165 59409
120 92 39233
750 15 81786
523 335 21340
430 784 37599
111 816 31923
794 1252 34843
830 1520 91531
3 8 98597
75 1266 81927
19 1244 52120
1319 1511 76603
330 687 82699
1461 1496 86973
1488 568 57453
1548 1340 27999
53 281 81484
28 1459 34816
1027 1012 98147
74 489 31889
206 485 66096
1187 1193 52241
304 1531 82760
1022 1107 22573
899 123 79414
96 876 52449
1361 799 91208
1352 1202 14385
1047 701 65342
1091 814 36561
1047 5 86003
1176 1254 29292
1197 1349 38049
1270 1357 36295
661 1299 14682
1310 1547 91274
1416 1011 59854
81 644 24827
1513 583 47834
199 746 65187
1383 531 90293
26 17 84207
608 1101 96110
708 1140 20615
1267 1320 28899
1101 88 18813
295 1500 37872
337 326 30298
371 584 78315
116 1514 87536
1254 655 35034
1141 1106 85478
1453 1339 7422
1408 516 27172
662 1519 15791
348 646 32535
1143 1467 61819
1446 1400 84872
339 524 53432
47 1425 20495
1095 1052 63638
54 1026 21873
906 1440 72407
1388 215 68125
1343 332 76755
648 929 80571
1153 713 70293
153 458 74467
62 631 74954
1512 911 93365
750 1357 36736
294 114 4400
675 569 55698
1407 1066 43252
659 1425 28624
849 1302 62691
1555 1003 35102
816 229 21920
620 141 46311
266 936 71799
1456 1113 71673
745 190 59361
795 2 86243
1406 600 48594
9 1188 61158
835 429 27804
1442 1290 47617
658 789 79924
1267 175 49381
1093 812 42407
1133 698 70621
625 363 15403
1140 1022 69015
346 1371 60717
968 1150 59411
849 6 70200
821 683 60674
828 449 67994
329 784 30475
852 1022 16093
679 79 95751
1131 422 49294
930 56 49002
360 1454 70952
273 336 43032
817 1382 55536
55 1361 85124
288 596 59885
595 135 75574
1263 1052 5389
712 564 2023
172 1147 98996
317 969 20838
648 189 18462
161 1273 21578
67 524 48205
1306 894 92705
1516 1297 15855
1134 1156 69758
595 1259 56969
161 396 75613
475 1306 50659
850 990 79153
830 651 97014
216 1139 72473
755 1484 60252
217 1341 13912
1159 293 21149
1251 770 33492
1420 1110 74254
9 396 56044
714 1429 56726
246 195 97113
580 835 33861
943 118 75426
1416 544 99461
785 558 80740
541 1222 74531
545 1023 20404
369 450 1286
1402 33 58130
190 1184 35808
895 507 74773
862 1197 54336
932 40 74215
1307 1258 96231
146 98 94552
76 250 38488
486 1244 61001
572 1226 42749
1140 821 84850
1075 188 30219
188 603 91786
1312 162 66543
254 1377 68175
673 419 72630
875 1297 8196
553 155 4991
986 297 3459
132 143 30187
1193 753 32790
952 279 47470
859 1444 33422
870 49 87259
656 1304 87946
58 1368 86275
785 261 4254
752 1031 25112
33 1425 30930
1362 516 94190
649 512 64899
951 679 72341
752 1391 29835
854 1230 30801
841 142 28109
733 575 76535
1166 113 77913
1122 903 2399
1187 1044 60412
610 78 38824
1243 1248 54727
1339 101 19842
866 462 9276
1483 837 71922
328 259 57645
287 1302 738
1213 727 88768
1008 496 71678
100 407 3681
1100 768 82294
1098 468 56762
1239 1151 46421
1150 183 29531
525 782 6963
943 964 677
1415 1466 31652
1155 1140 60805
435 1381 83661
1058 723 65218
1168 1341 37822
1190 232 32122
1539 1514 8909
102 283 13210
561 1404 72879
1036 1143 63624
1116 18 52122
1397 762 73133
1530 893 21002
480 1416 42530
824 1160 48661
152 1283 94268
715 556 65665
1007 951 25107
1416 433 28904
221 576 27851
1075 854 15339
643 204 91359
1520 123 68985
537 212 94077
779 180 28683
1135 284 31345
849 759 10112
418 1060 25435
89 196 46936
1322 1345 94446
1197 1387 49292
108 631 92399
122 100 6695
737 338 26526
325 571 59749
544 358 97949
98 787 17115
1385 412 44795
799 693 22923
884 11 53706
336 1293 81599
1477 295 82312
402 459 63237
1192 330 88208
1221 949 67396
172 906 97651
813 954 51408
132 1375 43855
1289 1397 44795
1523 767 13335
955 48 29287
1425 458 87752
1196 698 15804
286 885 71312
94 1507 44867
131 1169 59482
1335 1423 75968
766 369 65084
256 982 38444
992 1464 16690
248 811 8743
670 282 35893
1500 11 58893
563 1506 63011
1193 52 26526
268 1438 92538
452 1311 68472
146 663 98644
129 915 25048
758 379 69057
1256 531 95084
1050 191 84711
150 448 91093
1071 197 78841
1182 32 29350
227 1394 89594
208 200 82151
944 1511 397
1433 350 52394
37 1457 94620
1413 226 3840
1289 473 62986
791 393 67422
1158 775 84050
1019 492 99976
1081 267 83205
882 985 85466
471 1015 11723
426 498 78218
1412 1542 72071
1412 1433 80277
458 874 71481
10 1248 22160
232 316 55722
550 29 76163
307 1410 38537
1254 802 55391
1085 178 20759
36 139 65912
762 970 52612
1173 513 2112
1103 1300 47015
217 1174 61693
189 589 24315
179 1214 43178
579 702 44241
101 1016 76741
499 395 40268
1162 936 29935
1428 89 65047
94 517 2190
656 1229 65114
739 1442 25919
1158 1048 92181
82 180 26553
1327 1502 31941
1035 998 22069
910 74 1491
1366 1194 36226
740 1302 25335
571 34 16681
1187 1553 63518
1030 1081 72801
475 1206 61754
203 1016 8960
195 938 67502
1140 993 34636
1308 718 90974
383 876 92550
491 1520 72813
625 891 2133
1443 543 65779
267 669 13628
1501 879 46266
581 795 25986
139 931 71889
897 6 36700
34 138 18404
1143 1398 32767
180 692 24144
26 239 95539
504 1417 81998
936 1003 8912
1298 1091 7098
1530 153 64380
937 1512 86537
1511 365 71257
161 99 63698
794 1351 11908
1350 597 31712
1503 1242 51302
879 119 44288
710 598 79032
303 383 54203
1339 424 11654
226 1181 9332
1145 822 95701
619 753 60781
848 657 32968
1132 1052 17140
1415 709 10654
361 123 37140
1102 1295 48588
1100 1464 85493
514 223 62699
185 829 5522
49 1520 36033
464 587 41189
542 1143 70075
983 1242 68004
854 617 18193
1479 1150 42682
1142 677 87796
409 1416 85669
1370 854 94504
687 444 35678
717 108 71255
1443 29 13898
498 401 90896
341 941 16120
302 889 60767
831 189 68570
772 1157 95408
1043 251 17580
1098 1244 90053
1205 616 85866
5 1444 85661
1197 1305 492
843 232 70260
162 803 72812
1231 131 77820
1158 179 3732
545 1024 81809
1172 1037 79106
1332 1364 90413
447 336 29879
981 901 9257
1182 1365 20601
1122 811 98759
274 1353 4809
66 1374 54332
398 236 78033
215 1073 60231
505 1017 27629
888 838 87915
318 541 42150
1235 75 7588
59 1249 41876
752 1198 50172
576 400 47998
1284 584 47932
979 996 18125
738 802 72119
1023 1411 63344
618 398 36727
990 835 61932
1021 1413 75451
470 414 48272
988 1042 27247
334 97 90023
828 1468 39456
588 513 79804
1486 1163 86238
1400 788 41459
898 533 71936
1159 821 21787
550 1264 89955
295 1153 84595
878 1309 85090
655 230 37089
326 890 25497
1043 1428 64349
1470 1240 72137
341 980 34104
1269 1278 97131
203 569 97173
210 32 1139
410 204 52497
859 106 97465
173 320 11712
370 962 61849
45 351 4754
1496 285 54822
374 406 7384
863 755 73001
1348 1306 8407
48 305 87450
746 453 97319
107 277 81480
1247 1342 45086
12 616 2815
1226 867 98230
41 240 98133
1247 1060 3839
1186 464 11959
663 352 34677
1310 787 85009
275 795 75600
1545 162 55096
1323 35 45279
656 488 4897
11 1227 61845
1056 1208 92150
1454 396 69502
727 776 16603
1407 1452 75311
1036 822 40356
1156 1109 61573
703 995 96566
539 1234 25584
1289 66 96893
291 1331 14965
180 731 84872
175 1500 16475
1502 1490 71058
1059 986 39658
1215 1077 18509
277 901 66029
1267 332 44480
582 260 80903
611 1378 1856
472 1324 33027
732 884 59112
758 999 47200
1482 640 89922
284 154 65255
816 977 43389
1363 136 50659
1258 513 56749
1293 86 76831
1555 411 68885
1406 1427 89635
595 127 20193
57 748 50685
1003 298 27381
1193 705 7312
874 208 61827
969 1544 32409
1382 313 61599
176 1117 39368
377 828 38270
1067 948 9650
1315 998 50269
48 684 5559
173 240 92217
681 19 38408
1208 1248 26051
1166 1003 40634
42 799 96319
1447 1123 21929
1336 1422 63145
858 56 98058
403 1466 2533
1317 1128 55214
248 1434 33787
1069 1143 87711
229 526 13252
830 1468 37959
1436 686 47805
609 713 39633
211 528 25119
188 1060 48901
1531 1148 32828
1341 902 96998
807 262 79867
215 827 88955
940 92 49331
1265 1421 60717
865 1523 82546
1108 105 6323
1378 670 86617
1062 300 42442
598 385 47360
310 127 74063
1182 11 47483
390 1352 70849
654 1415 17163
842 713 14902
284 535 48369
480 972 38274
59 138 45330
1067 978 58169
460 1283 42920
399 254 76429
83 1134 69506
35 852 47258
1251 603 36428
1426 1471 87773
1520 861 29860
465 5 27418
606 887 12669
862 594 65689
216 25 61648
1498 964 73751
473 849 5392
991 887 25625
690 334 58252
825 1349 24271
68 424 70493
883 339 60833
142 484 90734
674 764 70905
1089 236 98603
1018 455 88626
396 4 99469
744 129 50464
100 595 30080
385 838 45941
796 574 94982
445 667 23787
1053 1050 3203
581 805 44798
816 1312 39280
240 950 98650
1039 1327 62576
197 442 58165
901 421 26934
1420 680 70478
819 1329 1935
186 524 34789
938 1 38495
1140 800 88620
1358 952 73475
1028 1142 76879
1382 1334 94659
1241 230 89669
323 291 66386
1373 1009 65786
1364 944 25562
328 1403 84718
847 121 34383
256 974 2353
927 950 83774
461 486 91923
548 1417 85245
1500 1407 86149
641 383 83949
244 528 63813
470 994 3112
432 1501 14530
72 1531 37788
1018 1047 7256
1207 1124 60965
437 812 22083
626 385 41612
950 958 76339
216 10 22820
1357 342 35242
236 828 10979
69 43 66322
1356 755 95218
734 111 73617
1121 1272 74741
1358 1544 90023
1232 510 7992
653 52 31215
1538 1117 2435
961 583 52514
213 561 46706
624 123 53931
5 109 91810
131 555 25799
772 502 69341
871 693 37637
1463 203 2092
1285 620 2055
228 1555 2903
633 247 25302
336 706 44476
473 130 17492
1292 1445 11434
729 895 58491
1552 603 15336
1364 678 19602
512 851 95035
1378 638 41433
909 612 27227
73 710 99258
320 520 55332
1237 854 88520
1504 269 109
1033 659 76664
975 217 61970
1534 1391 3157
1554 1318 66183
288 1326 55808
1439 620 54510
235 967 66021
846 1196 53588
153 205 87400
1055 264 27237
1316 1141 37295
524 737 56313
1157 1380 49854
13 846 42083
1546 648 4160
913 1077 52868
834 1220 73859
1470 540 29173
1238 1495 24625
860 828 46203
1224 802 33392
1497 902 11171
169 1528 76754
839 60 13128
1111 290 52142
1047 1225 61712
1388 851 26456
616 264 61581
384 1431 16368
1225 327 87906
175 666 60686
1383 1207 80713
95 295 51269
326 1477 81376
628 755 86936
710 295 57248
567 1250 55491
1543 662 85911
903 1272 43125
1155 386 44576
547 1360 49333
1442 1288 39005
647 583 64210
427 886 30634
972 1367 28225
1346 1009 29920
298 652 16444
255 1241 12402
1081 1368 94620
486 1408 16081
240 1223 28253
463 1385 46072
625 1448 39237
392 1132 44194
95 235 57174
924 1401 67979
1109 395 14632
385 1063 67116
623 183 59900
769 860 21943
1357 50 29543
1308 1297 64318
1106 306 82216
893 937 86214
1216 1482 16263
597 315 64869
1071 554 61365
961 181 43027
114 409 41500
1236 1438 53458
877 787 16427
312 1503 43906
804 369 20228
415 211 24666
830 1405 42438
614 1427 99717
1450 365 65024
1177 1028 74663
1547 748 29016
61 794 53476
1052 20 10631
1526 755 4668
1272 559 30380
466 1323 53160
1548 215 28078
657 231 30317
169 974 31082
188 1388 78126
1193 699 3371
344 784 57946
324 280 39422
1227 1047 97218
256 688 78708
956 1388 59626
322 1435 37545
147 1525 59244
925 1156 26904
1489 127 38802
408 1441 95182
740 443 66012
1418 1246 28802
1060 1311 10306
13 367 90556
631 1094 53671
1482 655 48723
493 1098 49675
276 1318 28759
844 1012 66112
509 195 48985
194 881 88090
29 1055 71643
390 857 24809
1292 777 95112
88 374 38656
900 15 33004
1292 115 79029
1277 941 30129
330 545 388
93 349 70045
420 1032 61829
1474 1103 2151
1416 855 31550
1169 1098 33820
387 1138 82191
639 700 48587
648 1349 31222
171 102 69608
92 412 24274
1052 1500 87721
446 907 98641
1093 1071 62312
788 1532 58357
1393 786 89354
90 479 56739
591 1424 67494
1397 909 8148
197 413 37636
678 289 96344
747 1176 34151
21 1414 96473
638 110 36716
1204 545 37204
965 1464 78206
1235 604 72282
368 395 69263
1369 1272 1072
1330 849 36606
1473 1232 91546
194 51 30254
1134 1010 10128
163 32 48912
758 973 41380
989 507 58578
1015 1428 20558
180 636 79068
857 1146 74186
298 942 57998
478 1427 3215
185 652 23643
530 914 43065
1091 404 30054
1091 1425 82711
372 1097 45026
1140 1360 73693
722 1089 48566
878 1047 58157
197 824 32506
330 1472 58600
1011 597 85009
595 956 38191
953 445 48450
478 477 16169
755 1115 82907
47 1034 52726
1544 949 68827
314 144 81987
1258 382 84579
1221 787 70530
1221 1108 2016
1399 1310 32176
1234 425 83531
160 98 39706
797 493 54471
22 973 61922
128 1429 55295
1368 381 30991
1220 1363 77719
1294 1379 34440
475 586 12145
265 721 436
895 1083 18160
864 1485 60216
59 822 79163
923 629 72691
98 711 6351
1134 596 5864
93 178 55539
445 190 7371
958 244 13092
475 1242 34597
441 652 18791
1091 302 91729
1244 1036 80278
1179 538 71182
639 1349 1725
215 194 74451
861 665 52392
959 489 79099
687 7 22291
1252 206 80141
176 821 15220
712 981 5197
757 1456 95192
667 1469 65776
425 188 62128
1235 845 86034
386 155 74810
986 361 2267
54 1129 84972
1277 1027 10328
8 572 71295
945 648 26846
1410 1165 7039
583 708 97589
482 590 23461
50 1236 90060
912 27 44950
519 137 28291
405 1306 3212
992 1136 7862
72 787 86816
1310 1421 81846
1419 524 20816
229 928 51218
1412 1016 33490
1165 1277 47445
626 1291 23596
351 131 17683
541 419 20844
1116 1220 1033
677 544 25985
1199 397 36423
1354 560 90841
644 1364 81892
432 226 3509
1337 1153 90364
735 1395 40483
1038 1222 7740
576 513 52140
606 40 1002
387 189 50029
723 1383 53877
1444 791 98852
1491 151 37815
1086 1257 84905
1360 276 11494
1186 74 64236
1211 888 36713
572 1090 51879
228 1462 50900
1338 853 65192
655 94 43903
1117 963 40332
1397 606 3068
378 570 13282
691 1509 79417
137 1455 37696
711 919 69018
503 1087 75892
1209 520 67556
884 685 32631
1084 272 14727
488 409 29499
958 1156 87463
756 521 40172
824 508 33356
1449 876 90942
157 1092 27935
47 1321 10096
219 1495 37524
1244 721 38129
258 1082 81598
1555 234 64432
1096 414 64108
527 5 78286
1112 169 83994
1121 707 71241
1012 1457 40012
1523 949 3184
945 1300 81291
162 735 15772
1154 147 81682
64 458 86737
1553 1001 64345
799 1287 55548
77 615 81954
65 90 26787
1327 1310 77339
550 635 59007
269 762 29008
63 972 4404
333 518 14619
907 666 88662
1104 494 84959
552 127 11231
843 386 53423
668 472 86675
787 1003 80010
998 825 58358
11 506 38346
1221 715 81451
1430 1431 19467
917 479 90647
280 1091 40469
1482 202 18961
338 551 68593
354 606 50652
605 1010 98438
986 783 65543
88 1183 461
142 851 50399
1378 1037 23848
246 308 52365
455 1200 19519
603 1325 89625
14 1216 92879
1518 1324 509
586 1105 61954
242 1354 22717
356 602 32961
133 376 60675
597 1349 17863
1506 1210 4123
532 1349 58631
125 683 74539
1179 483 77680
232 209 81500
179 1204 76329
1481 329 95195
1401 1119 94132
686 416 20065
17 664 4281
237 616 29040
127 1255 25364
1131 809 79117
457 517 14060
1196 758 36443
968 912 48846
671 599 67845
631 1057 69387
1492 1130 90986
292 1126 82216
916 1487 2080
38 853 13952
469 255 2670
1030 559 34516
781 96 89695
1388 376 97496
293 423 95179
625 976 76399
1376 633 38954
921 1173 78429
1378 630 39903
1080 290 9809
126 1236 20429
697 345 99529
1486 1199 95092
1529 1284 66881
49 749 46723
480 451 36342
179 500 76045
175 689 49226
1366 947 96485
523 755 53108
30 1274 16856
1052 523 35543
40 362 52307
123 1487 68015
1244 91 86151
668 1431 6914
24 685 19486
490 1457 92525
156 543 31162
284 1409 13443
145 744 97283
76 1327 76437
720 965 11576
879 1005 51617
164 1100 82024
957 157 28708
239 833 86657
1540 1197 14852
333 49 80036
1008 1137 98906
760 1066 87222
621 330 98393
1471 1181 99673
957 1045 87801
511 280 580
606 456 63081
1195 225 971
1127 1257 81732
1388 1310 69754
1202 671 84821
380 1295 13767
1060 201 63882
322 480 63808
483 852 76915
340 420 93772
790 466 6119
473 676 82522
165 1095 83910
1246 1196 42599
1317 810 1351
705 832 70007
366 545 9356
193 263 95989
102 1153 78489
440 1098 17732
1239 505 10564
742 1458 25442
1130 94 98127
766 162 63425
87 983 76219
147 1425 43386
525 857 54052
523 695 57255
1289 1425 6594
1379 761 37645
1470 856 974
192 721 87788
182 690 43426
547 21 79194
318 80 95495
72 1054 49085
301 1143 16609
412 1521 54918
39 1212 75721
573 1014 83186
1232 978 4490
1494 981 20606
788 622 60878
1070 381 61259
482 640 6083
388 510 2693
1238 259 5817
530 396 81900
1047 778 68636
1248 765 14983
1443 478 21405
75 968 48846
534 31 10170
808 1508 34469
996 1407 11110
772 315 17260
1344 17 99104
313 1493 65866
533 1527 54328
1468 1232 40312
249 738 23580
117 178 73667
1222 357 63643
727 1022 65230
1144 510 92946
148 1244 26855
1153 1277 70070
230 794 34015
1303 47 67393
1536 1143 94832
176 1396 39902
420 774 50986
998 1515 16613
296 76 19553
331 183 32264
1051 557 81468
1371 957 34468
439 417 82455
412 913 92969
147 445 47212
1425 956 104
1253 197 14398
1052 1404 55691
1550 596 57521
1378 175 27075
330 496 91941
601 997 2672
1182 540 94241
495 572 81905
257 467 42666
23 579 98674
1269 1531 81937
158 815 23566
1239 1486 30813
1507 840 12108
1256 848 60490
923 1479 37880
1381 1458 44459
802 924 45346
370 1185 19563
254 559 98679
230 375 58214
222 1444 4382
326 1195 92393
1222 882 56412
428 1205 14974
253 176 38038
1437 554 91067
1447 280 7119
16 1491 46069
613 762 90666
1201 1405 92394
1050 962 13067
385 1541 93603
1260 549 4500
1011 710 64711
754 866 75169
161 1042 34449
581 703 246
574 480 19992
1167 58 80796
82 736 61431
1220 806 51928
704 592 23432
321 204 13008
523 922 12687
982 1299 84755
1496 701 94719
13 227 99168
1301 195 20272
29 655 53431
673 1416 21139
1062 451 21607
1006 1016 32939
1280 289 47667
456 668 54467
984 1006 45754
637 1232 40229
830 215 16809
1420 1383 8492
773 689 49814
836 386 35107
170 758 25338
70 936 63543
713 85 29209
1470 1004 20764
1009 713 78725
1146 1279 63672
1379 403 83074
215 1244 12576
481 1240 74351
60 386 76655
1345 868 56641
140 868 54852
582 843 53219
1121 1076 65405
1262 419 98543
448 908 29473
296 1533 54318
631 161 33973
138 514 53721
939 750 86243
129 486 3278
1423 869 46716
295 956 73186
1389 456 35654
5 1466 10253
610 1233 64338
1127 555 93579
414 1044 80683
1465 159 67508
1355 798 73120
824 474 50139
826 1457 99953
1422 1451 2862
1347 84 54875
547 1046 75521
1334 562 71530
1170 1416 51164
1260 945 30895
440 954 25914
729 1551 26542
615 421 57663
1509 532 27639
1093 408 32499
270 1395 12896
5 798 24716
524 771 71849
1098 779 548
69 1310 3369
488 431 42049
1254 1072 30906
662 1189 83827
1522 389 63382
207 72 26540
1285 274 96293
1135 1500 32518
1097 701 47848
224 1535 71970
1333 19 80432
134 981 96640
54 1268 52225
1262 719 88399
15 1271 89207
801 1163 89456
633 95 95038
1022 345 86427
955 573 12101
872 579 45357
65 394 35332
174 742 60372
1073 875 99188
821 964 84783
168 721 62269
1341 931 96039
1475 851 62313
161 1425 52736
32 704 3624
1095 905 13356
600 1068 86708
1329 233 19607
580 224 29732
655 1383 30316
1212 257 2975
101 513 41464
1456 1203 19509
567 1363 18048
1155 117 87692
19 89 23057
713 74 65383
1325 1483 46666
1193 512 44705
968
144
596
1289
932
1310
390
1425
768
1295
368
970
685
346
157
525
1418
526
986
20
786
367
53
1526
956
698
50
1136
848
99
1246
313
1399
922
7
1393
1485
1288
203
1280
1206
730
765
548
811
660
408
184
278
513
919
1415
141
1015
1546
1448
1554
275
247
299
1249
1341
872
199
1012
957
894
175
1405
1496
1013
1550
228
785
724
1449
207
603
907
451
608
1145
1177
105
366
1285
147
170
1520
593
859
643
1355
35
387
847
657
962
1340
501
295
1255
552
895
1185
264
722
394
935
1441
833
1504
1001
1376
456
1059
273
896
655
1468
1530
1299
815
330
125
1371
431
1194
700
1337
1454
76
10
1534
762
328
690
465
1516
180
790
296
679
988
398
729
1167
37
477
661
523
926
1186
1545
934
721
1269
1437
399
592
1315
332
940
254
1204
315
972
219
1543
1220
1404
844
1108
748
1512
1235
598
887
1069
356
1241
84
308
282
733
1458
383
1200
1423
581
920
1076
216
344
562
297
1294
484
1170
687
1466
990
1081
1123
1083
891
194
1517
1099
218
1122
1388
60
1230
843
217
837
937
80
1150
376
1275
1051
978
1222
1008
1265
1160
1034
1130
1158
220
185
167
1306
458
800
600
1424
34
41
1400
395
444
1134
414
1327
334
226
446
272
77
1298
48
554
403
541
783
874
1254
849
963
1144
115
486
353
1391
1088
1077
1028
1112
107
1387
814
761
1242
429
1330
499
1271
246
1350
214
442
352
174
697
186
423
1301
1291
1166
87
1082
428
1389
182
1251
38
1018
739
981
1505
163
1239
1181
995
51
44
321
381
506
938
899
503
939
405
462
164
64
1055
980
928
976
1326
1031
33
809
1026
1006
1314
1532
1264
1202
710
851
658
1097
725
823
1087
1321
433
98
1025
946
1065
621
1338
582
688
1175
885
1259
286
953
189
1361
997
511
1374
1104
923
426
1479
879
252
1210
227
898
505
1385
507
497
439
921
644
104
378
1284
441
839
1325
550
206
221
1474
258
1048
239
1401
807
260
876
1002
306
1238
955
1226
832
215
966
728
1050
238
741
316
14
496
1380
196
384
613
1176
169
673
150
1450
15
1498
46
62
1539
667
471
361
546
1396
540
1370
635
266
1107
626
397
878
1121
699
339
85
72
750
671
595
1489
632
142
924
154
468
83
747
500
126
1192
1187
1552
1039
269
1551
1335
1384
68
88
1116
436
819
1191
159
1488
518
469
1217
81
303
787
930
47
1231
1323
1365
1346
1236
1029
1056
1036
1478
145
802
1540
620
1213
831
745
1430
1272
692
1432
1020
259
793
609
612
388
693
417
1007
1159
1110
797
374
110
1521
1067
573
1169
1342
277
329
653
1446
92
274
91
589
866
1456
1079
527
1224
771
434
437
407
90
881
1142
430
656
569
1442
1531
863
171
652
567
130
994
678
406
731
553
1382
310
1061
1004
1308
960
268
292
495
412
1033
232
318
1429
422
331
1115
1307
875
634
1324
454
1352
1467
854
1464
715
904
624
481
669
622
778
1098
1318
410
1523
936
61
508
287
664
43
1487
606
578
1477
290
371
913
830
663
931
1333
1182
545
122
1428
636
629
726
1451
1492
1331
322
1240
1412
662
536
927
696
158
1032
763
449
861
153
1221
835
1263
1233
139
1277
852
1527
834
1538
372
801
1119
822
22
549
737
1118
1417
1063
133
229
560
680
1553
445
841
597
1248
890
1447
1282
1009
58
853
1218
460
1320
71
1229
684
78
1237
124
118
842
1125
810
1042
401
177
1179
1149
517
617
271
459
782
370
324
396
257
111
769
1078
1419
178
1038
813
443
113
772
65
1075
1257
1070
354
846
1304
565
803
1533
415
917
1250
1043
350
54
519
1410
323
1138
740
1482
75
467
529
165
616
453
82
488
369
607
148
1052
651
1509
1024
12
1395
1203
1452
400
493
36
109
520
615
1486
1462
1431
580
584
1163
385
720
871
492
577
251
1126
1414
18
977
380
528
805
250
364
561
817
270
1041
327
1471
1023
796
873
1408
557
1402
1426
19
1151
1422
222
262
435
146
1459
136
307
201
1062
1403
711
512
798
1010
929
248
639
1068
1508
551
812
1413
1296
704
1406
447
537
281
856
1021
675
964
134
1515
996
689
1503
1000
195
1436
57
570
1074
1146
1014
28
263
360
498
695
1164
470
1260
1420
333
1234
311
862
379
670
1168
392
1480
806
1196
1114
703
1111
674
918
1519
119
267
74
351
193
283
338
1383
317
325
967
132
743
432
884
1287
421
1292
1073
788
1356
49
961
982
1394
1120
191
1135
198
464
117
591
94
610
455
556
705
1544
808
714
677
576
382
825
547
515
880
1377
348
276
1457
1319
210
23
1313
1139
67
231
190
1109
1303
1362
1392
1322
1367
949
987
168
1057
676
1188
386
868
864
1064
915
1184
112
29
719
1053
1475
752
1165
357
941
794
1215
1349
176
224
1502
1054
1495
781
882
925
474
1137
1095
243
1490
1156
571
1501
128
1060
734
1058
161
865
393
628
1225
855
1276
237
522
66
758
746
602
903
27
152
1044
1511
637
691
294
1343
375
558
686
594
539
867
708
418
905
945
889
824
39
1493
155
827
1148
604
707
1190
706
1358
992
1141
2
187
1409
638
5
1443
1261
149
665
1256
1547
1085
127
1470
555
1510
583
958
473
1066
359
1453
1071
391
413
13
654
411
202
1378
32
1465
991
1019
212
1262
1198
1379
1345
647
1147
869
749
1035
1440
1106
172
1
1353
971
627
534
280
952
291
1433
1244
1360
96
1300
337
601
11
491
355
1438
1368
1093
795
55
502
716
1090
709
1317
1386
1522
908
245
30
682
1535
858
910
777
162
1086
97
587
208
63
420
1497
279
1434
478
948
1127
304
1273
572
114
1205
683
681
1091
409
1152
1072
1372
335
619
759
485
377
1037
754
1155
326
302
69
253
233
86
738
1214
160
244
1421
893
1084
883
438
590
1128
1524
240
1173
804
1140
1046
1541
1373
531
31
1131
906
544
1311
1348
510
483
912
1514
1344
1102
1548
1270
197
736
1390
538
1347
828
1247
1460
1266
204
892
542
1455
300
1178
886
1507
1003
255
6
1293
336
288
475
1223
440
943
1245
1094
1332
116
1089
1212
487
137
543
181
457
1329
1297
1258
301
564
1199
579
954
1513
611
630
933
973
404
1253
701
16
1549
1047
1334
89
108
205
648
480
42
235
900
840
1359
984
974
723
791
985
131
200
916
461
1484
1201
1542
983
999
1197
25
712
623
340
773
1469
188
389
1463
727
755
192
26
1473
1351
998
472
959
1101
1022
770
140
1171
452
1232
1228
767
225
993
756
1096
514
702
1193
1537
314
1267
298
668
694
209
1309
1117
183
1525
799
829
821
59
641
818
1208
1439
530
521
1113
309
1017
625
532
121
888
1445
1016
1500
223
902
73
944
979
1092
914
509
516
1407
1105
173
284
402
618
40
969
857
494
349
1279
95
631
156
424
1339
838
753
1049
568
947
106
1154
482
1354
179
234
305
559
1172
766
1162
1132
